BMI Fam_inc
30.22 7
29.98 13
24.62 2
22.26 11
39.23 8
27.28 2
33.84 9
26.6 2
25.18 9
22.51 1
 13
21.12 11
22.33 6
38.64 2
15.19 8
 11
36.07 9
14.07 2
16.26 5
15.53 5
31.53 5
 5
 1
17.04 6
28.44 6
 11
14.44 4
19.03 2
22.45 6
25.2 2
36.86 11
24.54 2
19.69 8
29.64 11
32.12 6
31.12 77
26.57 4
18.25 6
18.53 2
 3
24.24 6
20.05 5
29.52 9
22.36 4
18.72 11
17 3
 77
18.24 8
29.81 99
30.01 3
35.18 1
18.4 11
29.36 6
31.42 9
17.87 7
17.1 
7.99 99
28.58 5
24.99 4
33.15 1
15.15 9
33.05 6
23.57 1
23.74 6
37.39 3
17.38 9
22.96 6
47.88 5
40.96 4
28.05 5
19.71 9
25.26 1
17.96 5
23.72 1
22.91 4
12.9 11
37.8 7
29.94 10
 6
35.97 7
21.27 12
25.61 4
22.23 4
24.01 
32.73 11
22.32 4
 10
29.38 7
23.37 5
19.41 10
25.4 6
19.28 1
15.79 2
22.56 2
24.01 10
30.89 11
31.11 3
24.79 4
25.19 9
24.98 11
27.73 
 10
28.4 11
 2
15.18 4
 
14.49 9
26.52 9
20.39 11
26.31 10
17.02 9
35.69 7
23.5 5
15.11 11
46.69 5
23.19 6
15.3 13
34.56 8
 4
 13
26.24 11
13.99 12
 2
41.8 6
22.35 5
26.44 3
29.37 4
33.06 8
33.29 3
27.92 4
26.5 3
23.17 11
15.77 
14.06 11
23.11 4
25.04 2
 9
27.53 3
40.39 7
19.52 11
32.21 5
20.35 3
29.42 5
22.23 7
27.74 9
26.93 3
14.97 
16.93 11
29.69 2
22.14 10
 2
22.47 11
 1
28.66 2
27.72 5
26.86 9
28.34 6
15.86 7
15.07 11
31.1 6
 6
16.31 6
 4
26.92 3
22.09 8
35.27 99
20.83 7
 2
 3
34.52 7
 4
 2
17.35 12
37.74 2
22.67 7
15.2 6
30.65 
26.9 4
16.24 11
19.89 6
 3
17.42 9
22.18 2
 2
23.68 5
30.99 7
41.94 5
 6
23.63 7
25.59 6
24.49 13
18.86 5
21.63 7
 1
22.48 4
27.9 11
 2
30.29 5
26.78 6
22.86 5
17.42 6
27.56 6
31.08 10
20.8 6
22 11
15.39 4
16.05 1
22 1
26.45 1
 5
27.18 5
 4
22.58 77
20.69 7
29.12 11
 3
25.34 4
 1
 4
14.19 6
20.75 6
16.17 12
36.72 8
28.49 7
27.24 11
31.66 10
23.99 6
16.59 6
42.03 5
31.42 4
 3
18.4 13
15.99 9
15.08 7
15.91 2
18.45 2
17.42 7
24.18 1
14.94 8
 3
26.55 7
31.27 3
24.74 1
14.14 5
 5
23.21 11
25.22 3
19.5 11
 3
22.69 4
22.52 6
20.44 9
19.84 9
41.48 4
38.11 9
21.73 2
23.67 3
25.77 10
25.98 12
41.96 11
34.1 10
23.69 7
22.72 11
16.5 6
31.03 2
34.38 4
24.52 11
24.91 3
 3
31.93 11
20.49 11
14.67 3
36.81 13
29.99 6
 5
16.7 7
 6
13.85 11
30.55 8
28.8 11
34.6 3
22.75 5
33.3 6
16.86 6
27.55 9
26.47 5
33.51 5
17.88 11
14.36 7
23.41 11
16.25 5
29.15 10
37.9 3
15.76 11
16.74 6
30.45 
 2
21.2 7
26.68 5
38.89 3
 3
25.78 8
35.17 6
14.99 10
50.84 3
21.93 10
 5
26.87 9
18.42 1
36.52 9
26.45 5
23.47 6
14.95 9
17.11 2
24.23 11
16.36 13
30.42 4
18.16 11
26.89 3
22.09 9
26 12
 3
22.47 8
14.88 8
15.95 11
25.52 5
26.8 5
27.49 11
 
29.3 11
30.22 7
30.8 11
17.92 5
23.59 11
33.66 9
27.86 11
30.1 7
30.74 3
29.64 11
21.39 9
28.92 2
 3
14.69 9
28.29 7
17.9 6
23.87 11
17.39 4
49.47 7
25.2 11
20.92 3
27.37 7
21.27 11
16.04 6
20.65 5
33.24 5
27.32 9
18.23 11
24.73 11
37.05 10
40.73 6
 6
15.55 11
16.95 4
25.06 7
18.96 2
 7
15.54 4
20.19 4
23.88 3
41.25 11
14.85 3
26.75 2
26.21 3
23.97 11
 99
28.22 5
23.07 1
22.27 4
26.93 5
18.04 5
21.93 11
13.92 13
 7
28.94 6
27.44 6
22.27 7
26.91 11
28.66 2
21.5 3
29.84 6
30.9 8
19.21 6
21.31 11
31.79 11
25.31 3
16.4 1
14.91 9
17.25 12
49.59 4
15.29 10
27.27 11
34.44 9
25.55 4
20.71 4
31.66 10
 11
42.35 7
20.53 3
30.08 7
25.08 6
 6
29.76 6
25.53 3
16.49 5
23.28 10
15.79 6
31.8 1
 6
29.41 4
31.12 13
33.02 5
33.55 1
14.61 1
23.36 7
 5
 4
22.14 7
18.1 11
23.39 11
19.61 11
22.64 11
23.73 3
24.43 5
 3
26.63 11
18.5 9
27.95 6
26.6 13
34.35 11
29.1 11
14.68 77
18.35 6
17.69 3
31.84 3
27.37 5
23.89 7
32.5 7
19.32 13
34.07 5
 3
24.17 2
22.86 2
 2
21.89 11
33.95 2
34.12 2
30.13 11
22.76 11
27 10
26.3 10
40.68 5
34.06 5
28.1 3
20.55 7
 7
21.16 2
19.42 2
15.99 3
22.27 1
 4
 5
20.12 4
24.49 7
26.36 5
 6
17.89 
14.14 7
15.44 99
23.94 11
17.28 8
23.44 4
22.07 9
22.24 4
27.66 5
17.95 7
 11
38.39 10
19.14 8
42.37 7
 6
24.81 3
26.73 3
15.1 3
21.31 4
27.7 7
 2
23.46 10
22.56 1
19.8 11
 3
26.33 3
 2
20.48 8
19.69 8
14.09 6
21.63 6
28.93 6
 2
33.08 7
 2
33.02 4
13.74 8
20.35 6
17.62 5
15.29 5
31.05 7
17.72 10
 99
22.33 5
20.19 11
27.87 12
15.56 2
19.53 1
36.74 3
25.29 4
21.37 4
29.85 10
17.94 3
31.09 6
32.73 3
28.61 77
15.99 5
19.26 5
21.15 7
28.93 7
29.73 7
31.23 1
 1
15.13 2
23.5 7
 2
15.58 4
 2
32.53 9
16.83 1
24.8 2
14.29 1
24.08 2
26.58 11
26.26 11
 5
33.19 3
41.79 2
22.03 9
21.23 11
14.63 11
28.12 7
36.43 3
27.57 2
18.98 7
19.55 3
15.44 7
29.79 8
22.79 7
14.95 4
 11
 6
20.33 10
15.42 4
30.01 7
15.58 2
 6
19.61 1
 10
49.85 3
20.81 3
 4
13.58 
 99
24.85 11
20.91 8
 11
33.03 3
26.06 8
 13
 7
25.5 4
34.17 5
24.85 1
 10
37.62 1
25.75 11
30.41 3
16.46 6
18.65 10
21.78 7
18.88 11
24.08 12
33.02 7
16.59 
18.31 6
 11
24.79 3
 5
19.23 8
23.02 11
28.76 11
19.99 11
16.83 4
14.16 8
17.57 5
26.97 6
31.22 4
 2
19.02 5
18.13 11
25.11 3
30.17 1
20.42 1
17.62 5
37.48 11
26.3 12
40.24 4
13.2 11
31.99 4
23.32 12
27.13 2
15.37 2
29 7
22.15 8
22.59 5
19.12 6
13.71 11
39.64 1
21.27 1
22.84 2
25.42 9
16.68 3
22.3 7
 8
18.78 11
24.8 9
16.14 9
36.94 2
28.21 8
20 11
20.67 7
17.82 7
21.89 11
27.26 99
15.82 11
39.32 3
19.64 4
28.21 5
17.93 99
19.1 1
18.17 9
27.34 1
25.4 8
20.38 5
16.39 1
29.76 5
17.96 8
21.6 8
 
45.92 3
29.19 10
 6
 2
16.28 1
33.22 6
23.37 3
25.15 3
14.53 7
24.42 9
15.93 7
24.25 7
24.22 11
30.85 6
 11
25.79 11
28.57 3
16.17 9
30.15 9
 1
25.17 11
27.79 77
19.63 11
34.04 9
18.38 7
29.94 1
31.35 1
29.23 3
15.49 7
22.4 4
18.29 3
15.21 1
39.32 11
29.87 3
38.85 11
32.91 8
 3
23.84 9
28.6 7
21.97 5
26.97 11
21.78 9
19.36 6
21.3 9
15.32 4
23.3 11
27.46 11
23.47 11
22.58 11
39.74 4
39.84 3
22.96 11
 2
24.48 
27.77 9
34.5 6
 11
22.84 11
19.84 4
29.73 3
15.53 7
 8
 11
 10
13.68 3
29.16 10
31.44 8
14.65 11
30.78 11
31.46 4
24.18 7
27.53 11
23.9 9
27.39 2
15.11 2
30.05 2
 3
21.87 1
22.05 7
20.26 2
15.3 5
21.05 8
16.69 3
24.18 11
16.07 11
 8
 4
16.04 1
16.26 7
15.61 6
26.99 12
 3
 5
 3
38 11
33.51 
 3
16.37 4
22.45 6
 11
16.32 5
26.25 9
24.49 3
27.45 11
27.05 12
24 11
28.7 13
21.74 1
28.36 3
19.86 6
19.03 9
20.73 6
16.12 3
 3
33.72 5
22.48 7
25.92 13
23.33 7
25.35 6
21.74 6
23.19 11
20.37 2
24.34 4
16.9 6
23.72 5
13.34 8
28.88 4
18.12 13
18.77 9
30.74 5
29.98 9
14.84 3
 5
 6
28.31 9
24.48 8
16.59 7
27.3 11
22.7 5
21.97 2
17.42 11
16.38 5
23.81 10
22.63 8
20.61 6
31.91 4
 4
15.92 7
16.07 5
29.03 3
35.93 4
28.19 7
17.48 11
16.61 9
13.75 5
22.09 8
25.93 3
39.26 5
39.4 6
31.4 11
30.83 7
24.35 11
23.54 11
14.44 3
 1
 5
19.98 6
17.58 8
24.47 11
15.16 1
22.43 11
21.62 3
34.13 
41.13 11
36.4 8
 2
 10
25.23 1
14.74 11
 6
15.16 1
18.29 77
22.18 3
 10
15.71 10
13.81 3
31.67 9
14.54 5
34.94 11
20.6 6
15.2 10
35.89 4
21.99 9
18.74 2
15.88 4
27.22 9
17.5 6
23.58 8
25.75 10
30.9 3
18.08 8
23.55 4
25.12 4
26.87 6
 11
27.12 2
14.12 7
19.35 
28.83 3
24.3 11
30.42 12
32.17 77
17.26 3
23.73 6
 5
 8
18.21 13
27.18 7
22.43 8
15.39 12
25.85 7
20 9
29.24 4
26.56 7
17.87 6
20.06 4
 9
29.34 5
21.11 2
21.39 5
28.7 5
27.72 10
 4
17.1 10
 4
 8
31.17 3
31.84 11
16.19 5
 3
33.21 8
25.82 6
 5
25.29 11
47.8 
 3
15.56 8
19.93 10
22.52 8
32.99 8
22.72 3
29.76 8
30.59 2
13.42 4
28.5 99
 2
27.01 8
 5
24.38 7
30.99 2
33.55 6
24.97 11
30.43 12
25.77 9
24.93 5
21.35 9
21.52 3
26.61 10
23.66 1
22.82 11
30.89 8
19.85 3
30.61 2
 6
17.82 6
20.33 11
15.75 2
18.09 8
15.39 2
 13
20.34 3
14.35 12
20.13 11
17.21 2
13.88 7
33.26 7
25.16 11
40.6 11
21.48 7
30.79 6
29.36 3
26.03 9
17.86 11
 2
24.64 7
32.28 3
34.82 10
26.4 11
27.59 7
20.1 11
16.41 11
27 10
23.93 
28.53 5
21.65 3
29.44 8
15.57 8
18.27 1
29.4 6
15.37 11
 11
26.21 6
25.58 9
20.33 10
27.2 7
 8
 7
19.78 5
25.01 9
18.06 5
 1
26.6 6
 2
35.53 2
30.56 7
27.88 2
31.31 12
25.11 9
31.17 7
17.93 2
16.53 8
 3
 99
 12
20.98 3
25.6 3
30.17 1
 4
29.15 3
46.55 2
26.21 7
21.62 11
21.9 9
39.35 3
14.85 8
33.02 10
28.89 5
28 1
19.8 7
23.53 8
22.85 99
21.04 4
28.13 3
23.15 12
31.39 11
25.9 8
 5
25.39 6
14.54 7
25.43 11
27.97 2
15.4 11
22.62 11
 7
 11
22.7 99
17.61 3
29.38 1
24.59 6
16.36 6
31.55 4
17.73 9
24.15 2
18.8 3
16.99 4
 8
16.97 1
 3
25.74 6
20.78 4
18.96 6
22.32 4
26.41 5
 
19.34 5
28.53 12
18.1 9
21.1 4
22.29 
30.37 9
16.97 5
27.39 13
 1
22.95 6
20.46 8
23.83 7
23.08 5
15.92 8
22.79 11
 99
32.45 12
 2
28.9 8
20.12 4
35.06 2
21.34 9
18.58 10
20.52 6
33.44 8
24.43 11
23.57 6
18.07 4
27.25 9
19.26 6
 11
32.76 6
24.17 5
27.12 7
35.47 12
22.77 9
18.08 3
29.48 4
34.88 11
33.39 2
19.47 3
17.84 7
35.68 11
31.36 3
30.04 5
34.22 6
21.71 7
28.99 5
 5
14.88 11
 77
14.16 7
26.59 8
27.81 3
20.13 8
24.54 4
15.74 4
22.09 6
 2
28.86 11
24.49 5
23.06 6
22.94 10
25.6 11
26.71 8
 7
24.51 9
32.43 7
31.96 11
31.06 6
31.77 2
25.6 11
30.02 4
22.74 3
 5
21.9 4
26.26 2
25.03 11
23.6 11
27.17 2
34.28 5
14.79 1
29 12
18.58 4
27.77 11
16.65 5
16.8 7
24.29 8
37.71 7
16.73 5
23 12
37.24 11
15.62 3
28.76 9
23.61 5
34.23 5
34.22 6
 3
29.01 77
16.27 1
25.47 11
21.01 4
18.88 7
24.84 6
19.42 5
16.63 11
20.86 10
20.51 6
24.84 99
22.67 1
 6
26.22 6
22.21 7
21.3 3
19.62 6
17.27 9
15.89 11
25.2 2
15.11 7
24.33 2
28.12 4
27.48 3
21.04 10
14.04 1
23.54 2
 8
 8
32.84 4
22.37 1
23.9 6
18.14 13
18.01 11
 5
 1
27.53 6
17.79 7
18.64 8
 5
21.84 11
16.33 9
17.12 8
 1
31.17 6
18.05 5
16.08 3
31.06 7
15.4 3
30.79 5
36.68 6
22.41 3
 1
18.77 6
21.77 6
14.92 1
25.93 11
27.2 4
14.51 12
21.57 6
37.47 8
19.44 4
16.59 11
35.74 6
19.75 3
30.88 11
 6
15.6 3
26.32 3
 2
15.47 1
24.54 8
 7
24.95 11
25.99 10
 13
15.43 11
23 6
16.93 3
29.24 11
22.14 8
29.8 4
27.99 9
16.08 2
22.78 11
 11
18.78 8
 4
15.38 11
 5
26.78 77
45.36 7
39.6 3
22.92 8
27.48 11
24.68 11
22.6 11
19.17 7
28.3 5
18.19 4
21.29 11
28.76 6
24.15 1
26.46 7
20.28 11
26.6 9
17.26 11
25.81 1
29.83 11
29.47 9
28.41 11
26.63 4
29.73 5
36.13 1
21.05 1
20.07 8
23.4 9
22 11
19.87 2
30.46 11
24.64 6
22.01 8
21.99 1
14.84 8
 3
40.16 3
26.64 1
 2
 3
29.11 9
28.04 1
21.03 6
 8
17.06 5
 1
25.55 1
24.86 11
25.91 7
22.33 9
17.17 6
24.19 7
64.16 4
18.58 5
18.02 2
18.32 11
16.72 6
31.83 5
19.28 6
19.66 5
21.8 3
17.48 3
21.72 11
 6
21.07 6
21.79 11
21.82 2
28.03 12
27.07 1
32.23 11
32.04 5
 11
36.02 11
20.55 4
20.08 5
22.64 6
 1
 11
31.72 8
 3
19.59 3
 99
28.72 6
22.55 7
39.29 9
19.87 4
22.92 3
16.92 10
14.91 10
15.87 8
26.08 13
27.14 5
26.11 3
20.92 12
23.3 11
15.32 11
21.92 1
32.59 7
20.28 3
29.12 11
26.08 11
25.81 8
22.54 8
29.48 2
37.95 10
16.37 7
 4
 7
16.03 11
26.02 2
15.19 7
37.35 8
14.67 11
15.01 3
 5
28.37 11
 3
26.28 6
24.56 6
 3
46.21 6
20.94 7
26.06 3
26.75 11
28.83 8
23.25 11
27.11 10
19.16 3
26.53 6
26.09 6
21.19 3
26.51 5
35.41 10
24.85 6
20.67 1
22.27 9
23.89 6
 6
27.49 9
20.11 7
28.29 5
26.33 3
 11
18.61 1
16.04 4
 4
27.64 8
30.03 7
26.32 11
20.65 1
24.53 12
22.85 9
27.33 2
18.41 8
 11
32.94 1
29.83 9
16.42 6
32.33 5
25.46 5
31.54 1
33.27 6
15.38 1
25.45 3
 4
 7
34.01 8
23.94 7
16.37 1
33.04 6
22.78 5
36.08 10
 11
28.83 6
21.51 5
28.42 6
21.28 11
41.19 6
17.59 2
31.74 6
21.11 6
 5
21.49 7
17.21 11
 11
21.62 11
16.45 11
23.99 9
18.91 11
 5
 1
14.67 7
19.38 6
30.16 11
18.8 5
24.87 5
36.28 8
18.74 11
 9
 1
18.36 11
26.14 11
22.67 13
 5
32.47 7
22.35 11
16.66 9
15.71 3
30.33 9
 9
15.62 4
19.72 6
20.98 1
14.63 5
 4
24.01 99
26.36 5
15.39 11
 4
 4
31.36 7
17.16 4
24.14 8
21.07 6
22.45 6
21.11 6
 4
15 2
32.67 6
18.65 9
22.28 11
25.01 10
15.19 1
17.21 8
17.09 2
22.78 3
14.72 12
28.49 11
18.81 6
26.79 3
18.61 8
21.6 7
34.87 7
16.03 3
24.47 11
19.96 2
21.84 10
24.08 11
14.22 8
25.51 4
25.57 3
16.88 3
27.37 8
32.97 7
30.74 10
23.02 11
 1
15.86 4
20.65 4
18.75 4
26.85 9
 11
21.19 5
32.54 7
15.64 7
23.28 11
20.88 11
 10
16.7 11
36.77 6
34.68 9
 2
18.48 2
23.7 11
20.84 11
22.37 77
39.03 9
26.91 8
 5
 4
 8
17.74 3
25.76 3
20.98 7
17.48 2
14.05 7
 7
20.81 11
18.93 11
32.57 4
26.88 7
 4
 8
17.5 8
 7
15.45 8
27.45 4
32.75 8
25.67 4
37.17 4
36.31 2
42.14 3
28.15 6
40.19 7
14.47 4
19.15 5
24.6 7
28.66 6
37.89 12
21.87 9
27.25 9
25.02 7
16.03 11
20.26 12
16.38 5
31.77 7
27.52 1
30.15 7
15.41 2
14.69 6
25.22 7
22 11
25.33 9
 2
18.81 1
21.11 8
17.24 4
22.86 7
46.35 11
28.23 6
25.14 3
28.51 5
24.38 9
16.92 12
15.72 11
22.62 4
23.75 4
17.39 9
25.6 6
 3
33.85 1
27.24 7
18.87 3
21.02 6
28.72 12
14.7 11
29.95 7
21.49 10
 10
33.29 7
 2
27.97 5
19.83 3
29.25 7
17.05 5
24.89 11
 4
19.05 3
41.57 11
30.34 3
26.49 9
25.64 11
25.03 7
15.73 6
49.92 7
26.98 6
23 10
22.04 6
24.76 11
 3
14.85 4
18.91 9
19.05 2
16.39 3
 
 3
30.46 2
21.65 11
19.79 11
21.98 10
29.92 11
16.99 3
21.48 5
30.34 11
25.74 2
27.88 4
15.71 7
 
21.08 6
 5
 4
 1
33.99 7
16.62 7
29.93 3
26 4
22.91 3
17.7 11
20.94 10
30.27 7
27.24 4
21.79 11
17.13 7
20.65 9
30.84 12
 11
17.29 7
 3
16.51 2
14.49 5
27.82 11
28.01 1
14.62 6
18.35 
23.57 1
22.76 11
29.27 1
17.19 7
14.51 11
21.7 5
21.11 10
36.42 9
19.88 2
23.83 6
20.64 1
14.64 7
33.8 8
23.82 6
22.92 2
25.96 8
22.72 11
17.87 10
44.45 9
 7
18.99 11
21.15 8
27.52 1
29.22 5
21.48 7
26.64 4
16.84 1
33.67 8
26.76 10
17.8 1
21.79 11
17.24 3
16.33 11
26.16 3
17.03 6
20.73 9
23.22 8
16.25 9
33.06 11
18.74 2
19.27 11
22.07 4
28.88 9
21.05 8
32 7
 6
18.17 6
31.2 4
27.44 4
28.52 2
 3
17.21 3
25.25 12
26.95 7
 6
16.3 99
16.93 3
37.09 99
37.46 5
 11
33.04 5
22.56 5
29.44 3
 3
18.03 8
30.02 12
23.78 3
24.85 10
25.6 13
45.39 1
36.96 7
27.34 11
26.86 7
16.92 4
29.57 6
 11
15.16 12
30.73 8
 4
25.24 3
24.16 9
15.88 1
26.26 4
 11
34.51 7
23.07 7
16.48 4
 6
28.09 1
23.15 7
33.94 11
23.4 2
15.08 11
19.66 3
37.9 1
 6
20.18 11
28.95 3
25.81 4
26.8 7
28.98 6
18.9 6
15.5 6
 6
 1
 1
37.15 6
20.36 3
 2
24.71 6
18.66 7
22.35 11
20.54 8
 4
33.71 7
 99
23.78 12
24.74 5
32.78 12
29.89 10
32.57 7
25.49 12
44.11 10
 3
25.88 11
15.89 8
24.96 7
15.05 2
35.95 2
 3
24.44 5
 2
16.13 7
26.25 6
18.84 3
24.6 1
 6
21.79 8
22.15 13
27.39 13
29.33 6
18.49 3
22.57 2
 5
 7
23.84 8
19.63 6
 4
25.02 2
20.47 11
15.96 7
 1
35.24 8
21.73 2
29.4 3
13.82 11
13.66 3
27.24 6
 6
28.74 
20.08 5
14.84 3
20.75 99
22.33 10
37.47 4
16.92 8
28.58 8
29.83 6
24.69 5
26.79 6
14.78 9
24.61 9
23.7 5
14.76 11
 7
23.38 2
17.73 3
34.6 1
13.43 99
15.28 11
 7
26.87 3
14.99 8
 1
 10
19.2 6
20.78 11
14.88 8
26.3 6
25.31 7
 1
14.48 9
29.87 11
36.19 8
15.81 11
19.93 7
 2
36.08 3
14.07 4
32.84 3
35.63 4
24.89 6
23.86 5
47.16 1
 4
30.03 2
17.74 2
 7
 3
19.08 11
15.87 9
30.54 6
23.11 11
 2
18.75 6
 4
21.91 10
 6
26.85 2
13.75 11
22.1 4
24.25 10
29.66 7
 1
27.31 2
 9
16.08 10
18.94 9
22.05 
38.71 2
16.21 3
20.7 3
23.74 7
33.92 11
19.94 8
24.24 9
24.06 6
22.2 9
26.23 7
14.24 3
17.42 6
26.05 4
18.41 7
24.72 8
19.63 3
23.7 8
22.5 3
29.2 5
26.08 3
15.51 9
35.31 10
27.31 6
42.11 6
20.94 12
21.69 7
20.53 4
46.48 2
27.84 11
42.44 7
 2
19.25 11
 8
42.85 11
17.59 99
34.92 11
 8
27.82 13
16.24 5
28.83 4
 99
25.53 4
23.09 6
20.37 7
20.05 11
18.66 13
24.39 9
18.39 6
46.24 3
29.85 3
17.51 8
43.77 1
19.66 7
30.5 7
15.82 8
26.41 6
21.26 2
18.76 1
14.38 4
14.55 6
23.07 1
27.08 4
28.41 5
31.46 11
36.9 3
32.46 7
28.44 5
14.2 6
38.18 8
27.43 1
25.7 11
22.17 11
15.87 6
32.22 8
 6
15.01 1
25.82 11
16.56 2
25.83 5
31.41 3
20.23 4
33.28 11
15.98 
27.48 12
20.29 7
19.63 8
15.62 5
52.89 10
30.98 8
22.36 4
23.74 6
 2
32.97 11
52.7 6
32.2 11
30.96 9
24.9 1
 1
25.03 4
49.23 2
24.77 5
24.55 
23.38 6
29.55 3
 11
22.39 10
 11
 6
25.57 6
22.09 10
38.97 4
26.04 3
22.89 12
15.21 11
18.66 8
20.04 7
18.9 8
26.51 8
35.6 6
25.9 13
24.21 6
22.55 4
19.35 11
23.1 1
16.47 1
18.09 11
24.07 7
39.77 5
23.46 7
28.9 11
16.01 6
14.69 6
28.97 77
16.18 1
27.23 4
24.02 12
 11
19.71 11
20.73 5
15.92 7
17.37 7
30.49 11
 5
15.69 7
 4
20.01 7
19.99 10
34.31 11
 3
 6
24.6 7
25.32 9
21.16 5
27.01 4
27.93 11
29 6
 11
22.47 6
28.66 6
 11
29.83 3
26.88 3
26.08 10
17.65 4
24.06 6
 6
14.56 
 12
 7
20.64 11
23.46 11
16.19 4
16.54 11
18.79 7
19.36 10
 5
29.47 2
40.61 3
 3
28.48 5
29.32 8
 6
19.19 8
25.93 3
33.76 10
28.87 9
 2
 1
20.29 5
16.21 5
24.97 9
18.18 9
27.55 7
25.22 9
31.86 8
24 11
 3
16.93 4
21.71 5
42.48 7
20.21 3
24.06 9
15.8 2
16.61 11
19.41 10
24.46 10
25.36 4
28.7 10
42.61 9
39.06 5
29.92 13
20.58 8
37.57 3
27.17 7
28.54 2
28.82 10
 6
18.07 11
21.92 6
27.7 9
20.74 11
 3
 4
22.2 5
21.79 3
32.04 7
18.97 
25.64 5
26.14 4
21.74 6
20.16 5
35.18 11
17.73 6
25.26 4
36.2 2
27.86 2
20.45 6
 6
21.9 6
 11
30.09 2
23.98 2
14.73 6
24.39 11
31.72 8
 6
26.1 9
 5
 2
 9
16.52 11
18.85 11
14.74 9
28.36 8
26.37 6
39.76 5
22.76 11
17.31 5
26.2 7
20.44 6
28.15 5
19.46 4
27.69 9
21.95 2
29.45 11
18.58 99
48.42 8
21.99 6
14.33 11
29.99 11
21.71 6
 11
23.69 7
27.24 11
28.74 11
29.33 11
24.08 2
21.94 7
16.04 11
29.87 99
16.7 2
17.67 99
19.52 9
17.25 3
23.26 9
21.89 4
16.05 11
23.79 11
 6
 5
16.17 6
24.35 6
20.28 11
18.92 5
24.14 12
 6
23.28 11
18.83 8
 6
26.89 4
37.42 7
17.81 7
 8
32.47 2
20.01 11
30.32 9
17.09 7
25.75 9
20.76 5
35.95 7
 3
23.91 1
18.53 11
30.79 10
18.51 1
29.48 3
20.22 6
29.6 4
28.97 3
15.17 99
30.68 4
30.17 5
29.82 
 6
32.42 10
21.89 8
24.92 8
25.91 4
35.15 4
24.1 4
 6
26.17 2
27.01 1
19.93 2
15.54 5
21.57 6
32.55 11
21.73 8
19 6
31.65 11
 11
 10
33.89 6
 2
17.42 7
15.88 5
17.92 3
22.66 8
28.53 8
25.43 5
 3
34.53 5
25.13 11
14.68 7
25.05 8
13.69 3
21.2 7
23.67 11
23.76 6
20.92 3
23.15 3
21.59 11
 5
43.96 4
22.1 3
21.53 3
47.61 11
 3
25.5 9
17.03 12
26.95 7
27.22 7
31.83 4
44.49 
41.94 10
14.72 1
13.92 4
37.49 9
14.94 8
15.69 7
32.51 3
26.17 6
22.25 5
 13
27.09 6
26.09 10
 5
31.64 
36.58 11
29.89 11
16.82 6
21.71 11
32.17 6
 4
20.81 3
19.97 3
 12
16.09 1
 4
22.32 7
30.95 3
29.02 6
 5
18.87 9
 7
19.59 77
20.44 11
30.23 8
13.91 7
48.45 11
14.46 3
15.84 11
27.91 2
 6
17.72 11
30.38 1
22.08 8
46.5 5
29.83 1
32.85 6
40.33 12
21.85 2
13.19 7
25.83 4
18.96 99
 6
37.68 3
42.68 10
26.11 11
15.63 5
22.36 1
33 11
25.79 9
 4
13.91 8
24.69 5
21.92 4
27.75 10
24.08 5
13.17 4
 13
18.83 4
20.6 2
23.46 6
27.1 1
26.78 8
15.48 4
16.19 3
 11
54.65 6
42.2 3
18.7 10
20.99 6
26.99 11
19.41 7
29.35 7
27.73 2
16.6 7
 3
23.38 7
33.47 8
 10
32.21 5
26.68 8
24.23 7
15.31 7
21.38 1
30.86 9
 5
 8
27.49 7
26.88 8
37.81 9
26.51 3
39.76 1
38.33 6
20.38 7
 1
28.33 6
 4
14 6
 9
28.09 11
 9
18.27 4
 6
21.73 
35.9 5
19.76 5
33.37 8
17.05 2
18.19 12
21.58 8
 11
22.36 7
 10
28.58 11
26.62 11
 5
28.12 11
22.47 8
16.18 7
41.25 9
21.19 10
31.44 5
20.24 4
21.16 4
 3
 7
20.64 6
21.79 10
25.89 5
35.21 11
31.81 7
25.15 11
26.74 77
20.89 6
28.39 11
34.02 6
26.61 2
22.82 11
25.53 13
20.64 3
24.98 8
26.78 11
21.16 4
16.51 11
29.12 12
37.13 5
20.97 11
19.2 9
26.18 3
32.64 3
28.35 7
28.62 5
25.26 2
20.71 11
18.31 4
30.64 9
17.99 11
15.48 2
30.8 9
16.3 6
21.77 6
 7
23.88 4
16 13
20.58 7
21.63 5
14.58 11
41.88 3
23.26 6
30.14 8
19.2 7
28.06 99
27.51 11
37.36 3
26.07 2
18.72 99
30.66 9
31.17 10
22.31 8
20.09 11
22.3 11
33.29 11
26.27 4
29.96 4
22.13 4
23.23 11
28.7 1
25.39 6
35.72 2
17.2 6
29.31 7
42.71 3
23.65 7
28.26 11
24.59 10
14.95 1
26.04 8
17.16 11
 6
21.28 11
18.98 7
 
38.03 3
24.02 6
27.55 8
 6
50.41 11
25.27 5
16.62 12
24.47 4
29.96 9
23.69 10
15.76 10
27.08 6
24.34 6
 11
 5
16.46 3
 8
17.77 6
 11
43.62 5
44.32 5
21.16 11
30.74 7
27.76 5
27.05 11
26.29 6
17.82 12
16.05 6
14.05 7
31.23 8
28.84 6
 6
21.91 1
26.96 1
23.59 2
27.78 8
29.9 6
24.71 8
23.55 1
43.61 5
25.58 
25.93 3
21.48 5
15.68 7
21.2 10
21.13 10
27.27 4
16.7 10
27.07 5
16.37 3
 10
17.48 1
17.55 11
 4
24.63 5
26.36 8
22.36 10
20.28 2
24.92 11
29.95 6
25.95 2
28.74 7
31.76 8
22.31 3
23.95 11
39.94 3
38.18 9
36.58 11
28.03 7
24.84 7
28.7 11
30.54 10
24.41 11
19.75 11
 2
24.7 7
17.47 3
 4
 4
22.71 5
21.5 11
17.07 6
31.92 4
36.54 4
 4
 4
 3
41.23 4
23.19 3
 4
15.02 1
27.59 11
27.84 8
15.21 2
20.64 5
 2
21.43 7
17.7 7
23.76 4
31.98 5
26.11 6
16.5 4
25.57 3
24.4 4
34.63 9
 11
23.08 11
15.78 4
 1
16.66 6
20.33 7
26.03 6
27.33 5
14.53 11
23.67 7
28.77 4
19.53 11
20.79 2
19.32 3
19.02 9
26.88 11
26.2 8
30.5 3
15.08 11
27.54 12
 10
32.13 2
38.01 12
24.03 
34.93 8
 2
22.73 9
26.38 7
 2
23.08 6
21.97 11
28.86 12
34.78 3
32.31 11
19.35 2
27.37 4
23.31 3
29.61 6
27.93 10
30.47 13
32.12 3
 3
16.19 7
19.61 8
25.61 9
17.73 5
26.87 13
25.28 4
34.17 10
48.55 12
26.25 1
15.97 5
22.98 11
19.16 4
26.08 8
22.25 5
21.35 6
17.9 7
32.68 3
26.43 6
20.72 7
40.64 4
 6
 11
20.95 5
23.87 8
20.07 8
25.99 1
32.97 12
13.68 3
17.54 3
23.68 2
 6
21.24 11
 7
17.95 4
30.06 7
21.3 3
 11
16.93 8
 2
 6
21.83 6
27.88 6
25.86 9
24.65 3
28.97 3
20.61 9
20.63 11
26.22 4
24.69 11
29.53 9
27.11 11
21.46 2
 9
 4
28.9 11
 2
16.98 3
29.2 7
27.07 11
 77
 4
34.58 3
16.58 13
27.28 9
20.72 2
32.88 11
14.8 9
30.67 7
21.78 12
28.7 8
15.52 9
23.16 11
 2
24.26 3
22.39 5
19.17 4
23.89 7
17.44 3
46.31 1
22.63 10
 3
 2
16.96 7
19.6 5
31.6 4
24.58 4
22.55 4
21.86 7
17.96 6
21.9 11
17.15 9
18.32 11
 3
16.7 6
20.66 4
 2
30.13 6
21.98 4
29.93 2
26.84 10
27.48 7
34.19 10
18.53 11
29.88 4
26.6 11
24.44 3
16.78 11
34.79 9
26.49 3
27.14 6
 3
29.78 3
 2
18.06 4
 11
32.8 7
17.6 11
25.47 4
18.33 5
27.99 3
 1
21.39 5
14.41 7
26.44 2
15.11 5
27.56 1
30.23 11
15.94 2
32.22 10
24.73 8
 11
19.22 7
26.37 11
18.7 8
18.63 12
16.63 9
 4
 3
23.92 11
21.99 7
25.88 2
35.65 9
26.26 5
16.58 11
24.9 7
15.09 
33.31 11
22.77 5
29.2 5
40.4 5
23.51 12
 5
15.5 2
 7
21.84 5
19.59 3
 6
20.42 11
32.45 10
16.2 11
18.91 4
27.11 6
29.73 6
15.05 11
26.8 11
25.13 8
26.86 10
 1
23.46 11
18.55 7
22.59 6
39.43 5
16.53 3
30.4 11
26.92 9
15.95 9
14.8 11
13.89 8
19.07 7
25.64 2
32.69 6
12.12 8
18.48 9
16.31 5
15.45 6
30.33 5
14.85 8
26.34 5
25.65 
 6
29.83 5
21.71 1
22.58 9
15.68 8
 1
15.26 6
65.41 2
21.6 13
35.95 6
25.6 9
18.06 4
 5
22.77 6
 2
40.36 11
21.67 2
26.94 4
 10
24.69 11
21.04 7
24.12 1
23.83 11
18.51 3
32.89 7
29.81 7
30.3 5
18.38 7
37.88 11
16.09 4
16.9 7
24.51 5
17.5 7
20.44 3
21.76 3
 99
 3
22.29 10
 11
20.01 3
28.06 11
27.4 13
31.36 5
14.39 
24.56 2
20.23 12
20 8
19.34 2
33.82 8
25.32 12
24.22 3
24.71 11
31.8 11
18.74 3
33.19 10
19.66 6
27.19 11
22.82 7
30.17 7
33.12 11
13.88 11
18.22 2
16.17 1
21.87 11
34.35 1
47.94 12
26.62 11
38.85 10
21.8 9
23.65 6
21.37 2
28.96 6
23.39 8
26.59 4
22.05 1
27.32 11
19 7
 4
 11
 2
24.97 3
16.89 1
16.39 8
31.04 12
24.4 6
27.81 8
30.05 5
22.21 9
 1
26.54 11
30.63 5
17.13 6
25.74 8
28.25 2
21.14 
 
15.7 4
15.42 1
17.58 5
17.34 5
61.68 6
40.84 3
18.84 4
27.42 12
30.3 
29.83 6
15.98 6
33.28 9
22.47 11
16.13 10
14.32 6
20.1 11
18.61 4
24.28 7
26.63 9
25.11 11
21.33 4
31.23 2
 11
29.58 9
13.48 11
28.06 4
 3
35.16 9
15.1 7
15.64 11
34.71 7
20.93 6
18.23 4
23.79 3
16.75 4
19.28 9
29.99 4
 
35.66 10
 3
18.02 5
27.91 
18.5 11
16.25 11
18.58 1
18.07 11
18.68 11
36.61 1
31.4 6
28.78 
22.81 11
36.09 4
27.26 11
26.19 9
27.27 7
 5
23.93 77
35.34 3
24.45 2
 
24.99 6
23.43 5
31.87 6
18.9 11
 7
28.35 4
28.74 7
27.5 5
20.73 6
25.47 11
21.87 11
21.87 3
23.63 10
25.76 7
19.01 6
23.9 11
 4
23.9 3
22.42 2
21.75 10
22.04 1
 11
 7
29.75 7
35.6 10
 5
30.35 10
 6
42.99 8
21.78 4
 10
33.46 77
19.93 4
15.88 5
 8
 1
31.8 10
19.24 6
22.2 7
27.4 6
31.23 2
20.79 3
 7
18.08 2
12.83 7
27.08 8
27.02 11
27.84 7
14.89 3
20.26 9
27.87 7
18.1 3
22.93 11
31.17 11
 2
27.02 2
16.38 11
25.58 7
24.22 10
26.08 3
37.84 11
 10
18.58 77
29.81 6
30.05 11
27.17 5
14.07 3
 10
29.9 6
15.1 6
 7
27.31 2
20.89 5
14.62 11
44.22 5
30.56 10
18.51 6
28.31 10
27.74 4
19.91 4
18.66 7
 11
 11
25.52 4
19.37 2
19.78 11
34.51 11
 1
24.29 3
16.38 11
 3
30.47 11
18.67 6
16.37 6
29.29 11
26.37 4
19.22 4
46.33 4
22.82 3
28.69 6
 6
20.04 9
26.83 10
24.23 5
23.15 8
16.67 11
26.65 7
19.07 99
24.84 4
26.48 5
16.96 5
32.26 3
19.4 13
 6
 8
22.06 3
 6
16.51 13
22.78 2
 5
 11
15.76 10
 3
26.05 4
17.86 8
32.7 7
20.89 7
25.08 10
18.97 7
16.68 5
24.93 9
33.63 12
33.2 3
22.11 8
 6
20.16 9
15.89 1
20.62 9
20.78 3
30.08 9
 2
29.74 10
 3
32.53 11
24.53 99
18.7 10
22.01 5
21.76 11
24.72 5
14.35 11
26.26 6
21.93 8
22.62 10
24.37 7
21.45 11
33.83 11
 13
23.01 7
27.61 11
28.72 1
30.33 6
 5
22.14 6
14.16 8
28.7 11
31.78 11
19.82 1
21.3 9
23.01 8
19.97 7
22.69 6
33.73 2
27.8 7
21.08 8
28.83 10
15.98 2
24.19 11
 11
38.82 4
 5
25.31 3
28.29 3
48.39 6
24.82 4
28.19 7
18.29 1
27.83 10
38.07 4
23.06 10
29.77 1
29.54 12
 5
 6
24.21 7
22.86 2
36.45 5
21.02 11
25.97 3
21.77 7
14.83 11
22.22 5
31.8 2
19.99 4
30.16 8
34.27 13
21.69 11
20.21 3
31.56 10
26.19 9
29.53 7
18.66 8
32 10
26.58 6
17.43 6
28.42 10
21.79 10
44.76 11
15.7 11
31.05 11
14.78 7
29.83 12
15.28 7
22.53 1
20.88 11
27.69 8
23.32 10
23.89 11
23.11 11
24.41 3
37.79 3
18.56 4
17.94 7
25.22 9
22.13 3
16.67 11
24.51 6
22.19 6
13.91 9
18.46 2
 1
27.41 11
25.15 8
27.12 7
 10
41.38 7
18.67 12
23.47 8
 3
21.66 11
27.81 7
31.89 11
17.17 2
 4
33.24 7
 4
18.35 7
25.58 4
31.36 8
19.01 1
23.35 1
 8
25.6 6
29.43 5
17.2 6
17.64 11
16.84 3
23.36 4
 11
38.28 3
22.41 4
16.86 3
18.07 3
29.1 6
 
22.43 4
21.45 4
24.93 4
25.95 11
28.82 11
 2
39.88 4
 10
38.14 7
25.87 3
 10
21.84 7
 1
27.5 5
32.75 13
 1
21.17 11
21.69 11
16.44 4
29.91 4
25.2 2
29.28 9
29.49 2
22.92 6
21.47 5
28.76 11
22.68 8
 2
25.31 4
32.04 2
20.46 4
18.56 5
20.78 6
18.3 4
 3
29.28 5
22.07 8
 2
 2
29.11 2
 2
24.14 11
23.92 7
21.48 5
15.03 8
16.81 1
25.86 7
17.46 5
36.24 8
 1
32.06 1
29.61 9
17.27 
 2
20.27 9
15.75 4
17.79 11
22.33 4
14.19 3
37.84 2
27.8 5
25.67 4
21.55 8
21.2 6
28.81 8
29.82 5
17.31 8
34.94 11
 12
27.38 10
17.96 13
 10
36.03 9
33.69 12
 2
17.93 8
28.5 5
27.35 4
29.09 11
 3
30.08 11
 2
 8
26.67 9
 10
14.46 1
15.36 8
29.29 8
 9
23.36 1
27.44 7
 6
25.34 1
21.09 11
23.11 7
28.41 5
15.48 2
17.9 7
27.44 3
23.02 3
 1
28.94 5
21.2 8
29.85 11
16.33 8
29.09 9
31.27 2
26.95 4
21.71 8
27.77 4
45.26 8
33.57 4
15.47 8
26.35 3
18.26 3
28 10
35.04 8
26.96 2
 3
25.84 11
14.1 11
16.26 11
31.5 9
22.4 4
14.79 11
21.18 7
19.95 5
25.84 5
15.13 6
18.86 9
21.56 11
26.21 11
15.03 5
21.14 12
27.75 5
29.74 11
31.44 
28.74 8
26.3 6
23.29 11
25.09 6
17.5 2
21.73 5
32.68 8
30.79 8
 9
33.9 8
 1
 9
16.62 5
34.17 4
 13
28.34 11
24.63 4
 13
22.81 10
40.94 7
35.39 7
25.8 8
21.35 4
15.93 13
 4
28.71 11
16.71 11
 10
22.67 11
22.17 11
29.73 3
34.19 1
33.91 8
 5
15.63 11
25.15 3
18.05 7
14.94 8
 1
23.26 6
30.98 4
23.61 11
32.9 11
20.83 2
15.8 4
31.91 8
24.81 5
34.34 
19.22 3
27.3 6
22.66 5
28.26 3
27.03 11
25.78 6
 9
24.08 11
23.88 13
20.99 6
35.03 11
24.86 8
33.38 7
24.65 6
 1
19.43 8
17.47 11
14.43 13
25.18 11
33.44 12
15.32 4
28.55 10
15.67 5
32.73 11
 2
46.83 5
34.1 8
19.86 4
32.07 11
20.33 2
 11
22.07 8
36.83 9
17.12 12
 4
18.3 4
33.52 1
20.13 11
16.88 8
26.02 5
24.78 
19.36 5
19.89 11
21.65 11
23.03 7
 2
47.54 1
16.23 3
 4
12.27 6
 1
24 11
18.07 7
38.45 2
14.93 10
28.38 5
27.53 6
17.85 5
22.81 4
35.83 5
26.26 7
21.27 1
27.36 11
28.56 9
19.94 5
18.86 5
23.3 1
28.76 11
18.73 7
20.72 
20.33 11
20.44 1
30.77 2
19.95 11
26.31 4
19.32 11
30.65 2
40.43 7
20.57 2
 5
14.95 4
29.25 6
20.46 5
 3
31.34 4
47.89 5
 6
25.86 4
24.74 2
20.95 1
24.45 1
25.83 3
 4
26.31 6
 
17.72 5
29.05 9
18.81 1
20.48 3
23.7 7
 4
17.34 2
26.06 6
21.58 9
16.92 11
32.53 3
24 9
16.02 5
21.66 4
41.38 6
25.95 9
23.41 8
 7
29.55 12
30.53 3
19.83 2
23.04 11
23.86 11
26 9
 6
18.85 5
16.59 6
30.23 5
26.95 4
31.62 7
44.14 10
14.32 1
18.81 1
25.56 7
21.89 6
24.41 11
28.03 5
29.82 10
27.5 11
17.6 11
20.38 5
28.56 10
24.26 7
26.45 8
 11
16.47 11
18.64 2
36.84 5
 3
33.23 9
32.85 3
31 8
28 8
14.38 9
45.16 6
31.17 77
19.51 7
19.07 1
26.19 7
22.14 11
24.59 9
31.48 4
32.37 4
21.56 11
26.44 4
20.66 11
34.95 4
27.35 5
15.53 7
27.66 10
23.07 7
19.31 5
19.71 11
30.57 4
17.11 11
 5
 3
22.71 11
35.11 9
25.61 7
16.69 4
15.16 8
25.3 3
19.08 3
36.49 2
24.49 8
14.35 11
27.5 3
35.17 4
 99
16.81 4
21.92 7
15.27 11
22.19 3
29.72 4
18.96 11
17.15 7
22.25 8
21.59 5
35.8 7
15.44 6
31.52 6
28.24 2
28.18 4
 8
 5
16.11 99
 9
 5
 4
 3
38.75 5
 11
27.15 11
29.72 7
15.46 3
14.87 2
16.49 1
22.32 8
40.16 10
24.63 6
14.55 9
16.9 6
21.11 4
28.71 77
17.48 6
24.88 7
25.64 6
29.84 2
21.86 5
29.37 6
 2
19.56 11
 6
15.27 4
24.49 6
33.66 8
17.49 7
28.77 8
15.8 4
18.98 8
23.08 3
22.82 5
34.2 8
40.94 7
21.3 11
37.31 5
16.6 3
15.24 9
23.5 4
19.44 4
23.56 7
16.55 1
14.15 4
19.88 8
34.66 7
14.77 11
40.94 3
24.06 5
14.69 3
26.11 
25.64 10
27.45 10
26.89 1
30.12 6
28.49 3
29.41 11
27.53 8
18.63 3
29.18 8
26.77 11
28 10
25.32 6
20.99 1
23.29 13
 2
15.96 3
26.44 2
33.05 1
15.98 9
35.07 11
34.78 5
28.66 12
23.21 8
26.71 11
25.22 8
15.76 3
23.1 8
48.1 6
 1
28.18 4
29.2 2
27.88 2
23.54 1
38.89 5
24.65 8
 99
 9
27.39 8
26.61 3
 99
29.53 11
24.07 2
 2
37.67 11
19.9 6
28.28 12
21.86 3
22.1 4
20.48 11
35.84 11
22.67 4
22.61 
33.56 9
23.66 99
28.26 11
28.77 7
59.88 3
20.2 2
 7
34.6 8
26.2 3
28.8 10
30.78 7
20.66 11
15.18 3
 9
 3
46.8 10
22.16 8
26.28 3
22.67 11
25.01 11
51.04 5
15.27 2
55.4 7
21.94 11
 11
14.06 3
25.13 6
26.57 9
32.99 6
35.1 2
26.26 11
25.23 
37.47 4
 6
23.46 10
 3
29.44 3
20.64 6
41.14 5
31.82 4
16.84 2
18.55 6
32.42 4
 10
26.02 
31.08 8
31.63 4
23.91 11
15.01 3
15.65 10
32.98 6
24.77 9
 7
23.19 5
16.14 4
24.07 6
22.68 7
 7
18 7
18.05 4
22.67 3
31.29 11
22.57 
23.78 9
 5
30.41 6
17.92 11
23.15 11
25.35 6
16.73 3
27.59 4
16.09 8
 2
27.45 11
14.59 8
31.09 3
20.88 8
24.55 5
24.2 11
16.42 6
 3
18.6 4
23.92 8
30.69 11
28 10
 4
18.82 11
20.39 6
13.12 9
30.16 8
16.2 2
21.52 4
20.23 13
29.12 6
36.04 11
41.61 6
18.51 2
19.09 7
33.5 11
36.43 3
22.01 1
 
21.86 11
32.1 2
32.55 11
15.92 6
23.59 9
13.89 7
26.09 9
15.24 3
 7
14.77 10
25.66 4
26.66 10
15.92 5
 8
33.46 9
27.04 2
24.93 10
22.25 6
23.68 6
 4
16.73 5
19.96 5
29.72 6
35.07 2
28.64 1
21.06 2
 6
24.99 1
29.96 4
16.94 2
20.27 11
22.31 11
28.91 3
19.66 10
26.49 8
20.23 5
28.92 8
 9
19.31 1
24.38 1
28.58 6
26.36 8
 4
26.97 10
29.4 7
23.53 11
33.36 5
21.57 11
28.06 5
37.95 11
33.62 11
 7
23.75 8
34.64 4
32.79 6
17.44 7
23.26 6
 11
32.72 3
17.15 11
22.47 4
31.4 10
 8
31.96 7
47.12 4
32.69 7
 1
19.58 11
 6
23.32 8
29.05 9
32.19 4
22.85 3
27.91 6
15.84 10
27.03 11
26.86 13
20.77 4
30.96 11
19.6 6
26.38 6
 5
32.17 11
13.63 7
24.22 11
25.16 6
27.38 7
24.18 11
34.44 9
31.01 6
26.76 8
19.63 3
37.17 99
28.8 5
18.65 1
22.88 3
30.56 4
26.68 3
37.35 4
26.67 7
23.6 10
34.1 6
28.92 4
41.51 2
 13
14.69 11
27.54 9
35.64 11
29.66 3
14.37 11
26.67 13
34.91 4
30.06 4
25.66 6
29.83 2
17.56 6
28.84 9
27.15 11
21.08 8
26.28 11
 6
26.2 6
 1
24.22 5
26.97 8
20.72 7
27.54 7
29.91 11
21.8 1
17.95 4
25.5 2
 7
26.98 11
25.14 11
18.22 5
23.69 6
18.33 8
29.94 10
25.33 11
18.37 4
 4
16.14 7
 1
25.06 1
 6
16.1 11
15.1 4
23.04 3
29.24 2
23.59 8
21.14 1
 3
19.79 6
48.18 6
29.92 2
21.3 
27.37 11
28.35 2
23.63 7
17.47 11
22.88 6
14.48 5
16.65 11
28.75 12
29.72 11
 3
29.72 4
37.83 7
23.13 8
20.04 2
20.44 6
24.4 10
23.3 1
25.8 5
23.67 5
25.64 2
30.05 11
35.28 1
22.06 6
20.41 4
 11
18.56 5
22.18 9
23.74 2
23.52 5
26.74 7
27 10
23.13 4
14.41 1
23.96 11
 4
31.64 4
25.06 11
23.45 11
33.62 8
19.92 8
16.09 11
15.53 8
 9
 2
25.1 1
36.07 11
 1
21.56 4
19.85 7
24.35 6
16.31 5
25.77 7
27.89 5
 1
20.73 11
46.88 9
22.24 2
16.72 9
14.9 6
30.89 5
22.97 5
 1
47.3 8
24.69 5
20.49 11
18.55 11
27.98 11
21.3 4
25.18 11
30.22 9
17.23 7
30.88 4
19.68 3
24.04 4
15.92 5
19.01 1
19.28 11
 2
 11
20.38 6
26.92 10
15.65 6
29.69 8
22.9 2
 13
 6
22.98 11
16.27 11
24.6 1
51.22 8
18.88 8
19.09 1
18.68 6
16.42 5
23.14 4
22.22 11
37.6 4
24.76 4
26.48 9
16.89 7
33.54 5
32.56 6
42.38 6
24.34 2
15.29 6
26.39 77
26.74 6
30.95 11
15.26 3
21.35 9
33.61 11
17.49 11
31.33 2
24.31 11
 6
17.9 3
19.2 1
23.17 11
21.56 8
20.53 9
21.23 11
23.25 7
 3
 5
37.24 77
33.23 11
29.51 11
29.75 7
23.72 8
31.42 10
25.91 8
28.96 2
15.88 11
 1
 3
 99
24.29 11
23.32 9
15.37 8
26.91 77
23.11 4
23.33 5
15.57 3
18.55 3
 5
26.83 3
27.26 11
18.99 7
28.65 11
29.39 11
23.96 4
28.59 8
24.65 7
29.72 10
39.77 7
26.28 1
27.29 3
15.56 2
15.6 6
 6
17.8 1
18.44 4
20.03 7
29.62 2
29.96 2
32.67 8
27.72 6
21 3
27.11 6
15.78 1
39.75 4
20.45 13
25.23 11
 6
25.54 8
30.94 4
18.22 9
28.5 6
17.39 6
 3
 1
20.01 6
20.16 1
24.52 4
22.56 6
 3
22.19 2
37.04 11
36.54 7
20.77 6
24.81 8
28.7 6
22.77 6
21.67 10
26.1 12
31.13 6
18 9
15.9 11
34.28 5
30.67 9
20.85 3
 3
 8
 3
20.21 1
16.14 4
23.9 10
28.14 2
20.45 5
30.53 9
29.76 6
18.61 7
 11
26.86 10
 2
 8
40.27 11
15.73 4
 10
18.84 6
31.17 4
 8
31.63 7
27.67 7
 11
16.05 8
25.61 11
21.1 6
40.21 4
15.31 4
31.9 2
25.96 8
21.02 7
26.17 7
16.85 5
 5
22.99 6
17.38 8
26.25 11
20.48 5
27.8 6
27.13 6
 11
 4
 2
15.32 11
22.6 2
19.64 9
 8
 1
30.26 5
30.15 3
20.16 6
18.32 12
17.52 2
18.57 6
15.23 3
25.37 12
30.73 11
13.5 11
42.45 3
18.38 3
33.66 6
18.17 99
22.39 5
15.5 4
34.53 9
29.04 2
21.23 77
18.83 3
15.51 7
19.33 2
 10
23.29 10
23.99 4
16.64 3
 8
33.11 6
 4
 3
 11
14.26 1
27.91 3
 6
31.31 3
 4
 6
45.39 8
24.54 5
19.93 11
 3
32.6 11
20.96 6
17.32 3
 9
16.7 9
22.23 2
27.43 8
17.9 3
 6
43.5 
 3
27.94 10
24.8 4
 4
34.91 77
33.44 11
21.56 2
 11
25.52 3
24.65 5
37.18 6
20.45 5
37.72 4
13.41 4
14.38 8
25.03 13
25.24 11
15.67 11
14.53 8
16.92 7
30.89 6
19.38 9
 5
20.89 7
17.43 5
19.38 5
19.21 6
41.24 8
22.83 3
20.42 1
24.43 77
30.06 11
22.73 1
34.59 11
30.19 11
31.77 5
26.16 10
30.82 11
18.95 8
 4
23.33 7
15.22 8
27.14 11
 1
22.54 7
32.33 4
31.8 11
31.79 4
39.21 4
29.43 7
17.14 11
21.6 8
15.85 7
 9
15.42 2
14.83 11
 11
28.64 9
 4
30.74 5
21.55 7
22.25 4
 10
 2
28.23 2
40.93 11
 11
20.58 11
 5
16.82 11
26.5 7
16.86 99
24.03 7
18.51 12
 1
16.98 8
29.1 99
 6
 10
20.65 4
26.12 5
 4
16.86 3
15.12 2
28.51 12
23.7 4
 9
18.71 7
19.59 7
 8
19.71 4
14.83 4
28.91 10
 11
26.57 2
 3
22.64 
26.26 5
 10
17.1 8
26.58 11
30.17 10
28.51 7
30.35 11
16.45 12
32.93 8
25 99
 12
 7
29.41 2
24.57 11
18.49 4
19.25 10
32.38 8
20.43 11
25.76 12
25.45 3
27.43 6
29.52 11
16.16 5
19.54 6
29.88 7
26.93 5
15.42 9
27.45 10
18.09 11
24.91 11
26.05 8
16 7
31.42 11
23.27 11
23.06 10
30.71 3
20.19 11
19.83 11
23.9 8
27.85 9
18.16 7
29.98 2
27.41 9
28.83 11
32.92 11
19.46 11
27.06 5
20.02 10
29.68 5
24.63 6
 5
25.11 11
19.79 5
39.03 4
15.85 99
33.97 9
15.75 3
20.38 9
24.24 4
19.66 11
14.58 7
30.29 4
15.03 9
26.24 3
22.02 8
31.78 5
22.09 11
38.61 11
22.16 3
 2
34.04 10
26.94 12
 11
19.24 9
22.67 6
20.76 4
33.27 11
37.2 10
 1
22.01 
16.92 1
26.1 3
17.82 11
28.89 5
17.8 11
 4
26.29 11
19.22 3
22.88 8
26.06 8
16.55 6
26.45 8
24.11 10
15.97 2
26.65 1
 2
17.54 7
 5
23.97 11
31.65 3
 8
 5
 6
27.54 10
 8
41.89 12
28.96 4
22.95 
52.45 4
 1
20.64 5
28.39 5
26.16 4
18.48 3
20.86 5
 7
25.63 
25.9 10
26.63 5
41 6
 2
19.41 1
29.1 6
 4
 2
20 8
24.89 11
 4
20.32 8
20.64 2
31.71 4
23.71 4
17.37 11
 2
18.46 5
32.14 7
26.18 11
28.27 6
23.02 11
17.81 8
26.62 8
28 4
15.23 6
24.69 8
24.81 2
16.24 11
27.41 9
38.79 9
15.94 3
23.48 2
19.63 9
30.68 6
22.66 9
22.04 6
25.16 3
20.01 3
22.73 9
 10
28.88 2
 12
24.26 4
29.68 5
20.6 9
21.52 8
19 8
26.6 9
45.04 6
14.6 1
 4
17.4 4
29.98 6
25.86 11
16.83 4
22.32 7
39.56 7
16.06 3
18.94 6
17.35 11
31.06 11
29.55 5
17.27 11
36.35 11
40.55 6
14.44 10
16.12 3
16.03 6
22.43 8
21.39 4
22.96 1
32.36 11
15.84 6
27.66 11
24.48 2
16.14 9
22.32 4
 99
28.41 9
24.57 11
 1
20.3 7
23.81 6
28.21 9
27.15 9
19.5 7
29.74 7
14.54 7
32.81 3
46.84 7
39.67 5
17.23 3
 3
23.23 5
20 6
16.94 3
26.46 4
17.81 3
24.19 11
 6
14.24 2
26.36 3
25.88 13
25.33 3
17.23 11
16.9 2
35.04 1
22.6 3
18.34 1
33.81 9
25.11 13
30.27 4
18.94 2
33.27 6
22.48 9
17.27 10
15.95 6
38.62 9
15.57 11
25.01 5
31.29 6
24.56 11
 10
31.24 6
24.1 5
26.15 2
31.39 10
 8
24.68 7
19.12 6
 1
21.93 6
26.89 11
43.78 8
22.87 4
 8
19.59 7
23.24 11
25.09 8
20.03 4
14.11 2
28.07 4
29.69 5
18.73 
20.57 7
29.49 3
26.76 11
28.96 11
17.36 6
 1
23.05 11
30.2 8
17.25 3
19.72 2
22.97 2
20.63 5
27.06 7
29.41 3
23.07 5
26.28 9
27.2 99
22.93 3
 1
20.66 7
27.61 5
16.01 11
20.31 10
24.97 2
23.44 11
25.48 5
37.15 9
29.47 7
 11
28.79 4
26.43 4
 1
28.54 6
29.94 11
28.28 11
43.97 6
 6
30.61 3
39.21 6
25.89 8
 1
27.89 1
23.77 8
14.53 11
27.06 3
29.43 1
23.97 5
20.65 6
 12
 8
19.38 11
33.6 5
25.75 11
25.43 3
 10
26.32 5
33.06 6
21.57 11
26.21 11
24.2 3
20.46 9
24.8 3
 5
25.49 2
26.95 7
22.8 13
23.56 3
17.37 8
21.83 11
 13
37.37 2
29.82 11
31.41 2
24.49 7
20.25 2
21.92 4
20.38 2
20.16 4
16.77 11
23.4 8
20.48 11
26.7 1
29.66 3
 11
20.44 11
17.94 4
14.87 9
29.43 5
29.72 10
15.66 1
21.48 11
18.28 2
21.81 7
16.49 2
14.88 9
31.2 6
28.75 5
25.38 6
17.32 99
23.92 
23.78 6
 3
44.73 8
23.13 
16.34 5
 2
 11
 2
 4
28.66 1
 2
29.77 2
14.1 1
24.03 2
28.76 9
26.05 8
29.95 3
28.15 7
19.84 6
22.44 7
20.3 3
25.25 6
17.99 3
25.91 10
25.35 3
30.49 7
36.47 4
16.12 7
26.86 7
20.27 11
31.76 8
23.97 4
 3
29.25 8
35.07 6
 9
22.22 11
 5
30.94 6
20.97 6
31.51 8
 8
26.37 7
32.05 1
34.9 5
22.15 5
28.41 12
24.91 4
28.49 3
14.66 11
18.16 8
32.16 10
40.39 2
23.42 4
31.45 6
28.38 12
21.37 2
16.27 4
25.25 3
21.79 4
15.61 2
 8
 11
17 7
 5
24.4 6
28.1 11
25.04 4
21.02 7
 10
32.45 10
38.32 11
22.05 8
24.94 1
 7
33.34 11
16.05 11
14.72 99
19.88 3
26.24 5
30.57 4
 99
27.53 6
33.47 13
30.58 7
31.43 11
 11
19.96 3
18.6 7
 5
24.32 4
34.95 9
16.98 11
35.24 77
19.86 3
44.02 11
22.12 8
26.53 7
 7
 5
28.17 11
15.78 5
22.34 3
39.9 6
16.44 5
 
16.95 6
24.32 10
25.17 7
25.93 11
26.27 12
32.37 11
21.27 8
31.13 5
23.02 2
26.25 10
 3
24.67 9
 11
 2
 6
35.01 1
15.47 11
18.21 9
31.94 8
34.49 6
18.78 6
 11
14.92 6
21.27 11
18.19 4
26.05 6
16.78 11
22.44 4
16.13 2
 4
28.08 10
21.01 4
18.92 10
39.9 6
 2
22.65 8
20.39 8
29.14 3
16.45 6
33.8 8
22.09 6
25.74 6
15.35 3
20.66 4
23.41 2
 3
23.51 3
29.49 8
17.86 6
 9
23.02 5
16.51 4
26.23 8
 9
23.08 7
24.18 6
 5
20.31 3
23.05 9
26.07 6
29.28 12
33.59 9
 12
15.2 3
17.56 6
24.44 11
20.12 10
21.74 6
26.92 4
22.31 3
25.25 11
 4
23.31 11
24.66 6
23.64 8
16.66 11
28.53 10
32.72 4
29.37 7
22.32 3
15.89 5
34.27 1
 4
27.15 1
31.28 7
17.74 6
20.79 11
20.37 3
16.67 1
17.93 7
17.86 7
28.17 8
19.64 11
28.38 12
38.83 3
20.34 6
21.3 6
23.96 10
24.46 1
16.9 3
23.98 8
21.08 6
14.27 3
23.08 7
18.55 7
15.11 4
 6
15.59 3
15.27 8
26.37 1
 11
17.03 9
13.93 4
24.97 5
18.57 1
29.19 12
27.37 12
23.65 11
31.21 5
27.68 11
33.38 3
22.58 11
21.02 2
22.63 11
39.53 6
22.52 5
34.1 6
17.96 11
17.83 13
21.75 
24.5 99
37.26 5
30.66 2
16.46 10
27.68 6
30.11 6
19.71 6
20.01 5
20.98 8
26.29 5
16.34 1
22.14 7
27.19 5
 2
24.28 5
14.97 4
25.37 10
22.18 7
21.2 7
 2
29.33 8
18.15 3
28.06 3
24.89 12
 7
23.33 2
27.83 8
33.75 7
 4
15.76 13
29.97 11
 3
31.7 4
33.98 5
28.47 3
16.57 2
 2
26.81 11
19.57 6
19.84 99
22.6 4
21.27 10
22.47 11
13.71 11
26.61 6
37.37 5
 6
13.45 10
22 4
17.93 3
24.2 2
 3
19.49 6
 9
15.69 4
34.38 5
24.83 11
15.43 2
 11
18.64 6
21.88 7
31.45 8
35.56 3
22.72 2
29.61 11
20.53 11
 6
26.7 10
16.86 9
16.39 1
21.35 13
13.84 2
31.24 4
23.36 5
 4
24.23 1
 2
20.34 4
28.16 6
26.68 6
24.49 6
28.62 10
24.51 6
20.13 2
38.38 2
14.83 1
48.47 3
33.88 77
16.15 10
25.06 5
 2
40.85 3
26.44 3
22.78 11
21.59 9
22.51 4
15.34 3
18.8 11
14.6 5
20.12 4
31.94 7
20.1 3
18.95 5
22.34 1
54.31 5
23.51 6
28.25 11
 3
29.24 3
22.69 11
 1
26.9 4
15.37 5
29.24 12
13.85 6
28.68 5
 11
22.22 7
 2
16.32 1
32.27 2
21.1 11
26.48 11
26.38 5
25.7 11
36.83 6
 4
21.25 8
22.61 6
16.59 8
29.93 11
17.35 10
28.98 9
44.63 6
21.66 11
26.39 10
16.7 2
 4
20.26 3
33.33 5
25.42 2
25.58 6
24.91 11
17.54 5
17.86 99
 6
33.87 8
23.97 8
36.18 11
25.65 6
19.14 5
23.61 12
25.87 11
17.73 2
27.61 11
27.77 8
22.54 6
33.88 1
28.88 11
20.03 4
25.58 7
28.08 5
 11
18.85 6
29.14 11
38.8 4
28.84 11
22.01 11
26.64 3
15.82 10
 7
 4
16.66 3
23.3 6
21.71 9
25.94 8
24.85 7
 11
17.28 4
27.11 4
16.3 7
17.16 3
22.41 4
 7
19.59 7
35.74 4
29.03 6
31.58 7
22.07 4
20.38 6
20.67 11
14.32 2
15.41 3
22.57 6
29.87 4
23.93 6
19.3 3
18.03 3
34.56 7
29.48 12
24.52 11
23.71 5
41.04 2
28.08 8
36.02 8
17 4
 11
18.75 3
 3
28.13 7
28.24 12
14.64 9
26.56 7
28.86 2
22.3 5
14.29 10
20.7 7
20.12 1
21.71 11
14.71 2
14.37 2
35.82 8
21.74 3
17.97 12
20 11
44.21 5
16.41 8
 11
16.82 10
45.92 11
31.39 5
29.71 6
22.66 3
20.69 11
20.95 6
21.28 11
26.62 11
18.9 9
24.48 7
16.3 5
 11
22.62 1
28.61 6
 2
33.61 11
25.94 11
17.97 7
 1
28.9 8
46.52 4
23.48 7
 3
17.02 11
29.77 11
21 8
29.81 8
24.37 4
19.82 1
35.86 5
46.79 4
24.23 6
27.67 11
27.11 11
 2
22.16 11
20.67 11
32.82 1
28.74 5
28.3 7
25.93 5
24 12
29.98 11
25.06 11
24.65 5
 6
26.22 11
34.67 4
28.81 4
31.58 4
14.68 11
30.67 2
24.24 11
23.04 9
 4
32.83 2
25.42 7
23.59 7
21.55 11
23.22 11
31.96 4
 6
25.45 11
 3
14.41 5
15.86 1
20.86 4
14.21 11
 1
 1
14.77 1
16.69 10
18.68 4
27.62 8
24.03 8
18.57 1
18.64 7
24.94 2
32.65 5
15.44 3
 4
19.17 4
21.4 5
26.7 9
 2
16.71 12
25.28 4
29.42 3
18.89 9
17.31 7
14.56 4
26.68 4
15.74 6
18.52 3
14.16 1
15.39 3
16.71 2
31.09 4
19.27 8
39.82 2
28.48 9
22.77 11
27.35 11
16.99 6
32.05 8
 4
27.91 11
16.91 2
21.09 11
31.33 8
23.11 8
15.55 6
 6
19.24 1
28.08 11
49.56 7
28.61 10
27.96 5
20.65 4
 11
26.28 12
47.76 9
19.65 11
25.22 11
25.01 9
17.38 6
 2
17.9 4
24.04 3
31.89 4
42.06 5
 10
25.67 1
20.12 6
27.85 13
16.83 2
28.77 11
17.62 3
 6
31.88 4
15.87 4
28.46 5
29.45 2
20.69 6
 5
32.02 6
21.42 4
29.86 11
24.81 6
 2
21.97 12
 7
25.21 6
30.36 11
27.89 6
 2
25.82 8
14.33 4
17.29 4
17.45 10
14.68 4
20.21 5
28.71 11
15.07 6
 3
21.92 7
31.65 11
32.02 3
41.41 10
19.85 7
35.97 
22.57 11
14.19 11
23.35 6
14.83 4
38.21 4
27.1 8
 3
26.22 3
22.61 9
14.69 9
26.02 11
23.61 11
27.78 8
23.25 9
24.83 4
24.55 9
22.38 5
28.47 2
40.3 5
37.5 6
29.69 7
 5
23.55 6
21.84 2
33.32 8
32.85 7
30.12 4
19.3 5
35.64 7
16.43 11
24.3 11
37.14 10
41.93 5
19.7 9
32.32 11
30.91 3
28.04 6
29.24 9
22.87 13
 5
30.58 3
19.58 5
27.82 4
14.82 11
29.88 5
39.04 3
17.69 5
19.83 7
 4
20.16 11
20.74 4
18.64 11
 3
19.25 4
25.82 13
 2
15.4 8
15.69 10
35.76 10
15.62 10
15.77 7
23.79 1
 3
24.39 4
27.57 5
17.77 10
 6
22.46 3
20.58 4
18.47 6
26.41 1
24.38 7
17.03 5
15.6 11
 11
21.51 11
19.92 3
22.61 3
24.24 11
17.66 3
29.9 7
26.74 77
15.26 2
21.16 4
23.34 12
 4
33.72 3
29.56 5
23.01 2
14.85 10
23.46 5
25.76 8
 11
 9
16.59 7
40.88 6
 6
 4
34.41 3
13.44 4
23.87 3
26.45 2
22.43 8
16.53 10
30.48 4
 4
27.4 
34.96 7
25.06 4
17.74 7
23.2 10
 9
19.28 11
30.23 3
20.8 11
32.6 9
 3
24.53 4
25.87 9
24.04 3
20.41 8
 3
23.65 11
29.82 11
21.73 7
23.25 99
21.57 8
15.3 3
42.03 7
19.15 6
19.71 
 11
16.41 10
38.47 3
15.2 3
 4
 3
 5
29.31 1
 8
 6
31.46 13
30.15 4
36.88 6
28.27 2
24.16 11
 11
27.94 5
 3
23.6 4
49.33 7
24.58 5
35.01 
19.35 5
 5
27.97 9
20.65 4
38.13 8
45.37 6
17.92 10
37.55 6
30.82 6
26.92 3
28.01 2
16.12 6
18.9 1
18.84 8
 12
14.29 11
40.74 1
26.86 11
28.11 13
24.42 
28.8 7
18.48 2
23.46 1
28.53 9
 12
15.69 6
33.14 11
26.14 5
33.52 13
18.34 11
23.6 6
18.24 9
26.16 11
 5
19.63 12
16.21 5
 2
21.58 9
21.87 6
18.47 7
 11
27.07 7
13.69 11
29.75 11
28.94 7
 8
25.41 5
37.36 8
30.2 7
 6
50.82 4
22.38 4
21.23 5
20.82 2
21.95 7
28.21 
23.17 
21.94 4
 11
21.39 8
25.03 1
14.72 11
20.19 4
15.49 5
24.22 3
18.97 5
18.8 11
 11
 13
28.54 9
28.78 2
23.41 11
25.89 6
15 2
33.7 99
38.79 8
19.58 6
26.76 6
32.46 5
26.27 1
30.8 7
21.32 11
 1
21.63 99
21.93 9
17.98 
28.06 11
 4
28.86 10
21.85 10
29.21 11
29.73 3
37.21 7
 10
25.02 3
22.25 11
20.58 12
21.37 5
25.16 11
36.2 7
15.15 3
 99
16.7 7
25.6 10
19.62 8
23.31 13
25.47 5
22.18 7
31.18 11
23.93 9
24.32 12
22.96 10
22.07 5
 10
14.77 1
29.2 1
24.59 11
32.13 3
34.79 7
27.48 9
19.14 5
35.35 12
 3
20.06 13
16.36 7
14.33 9
 7
20.21 5
31.33 1
23.24 6
25 2
29.39 6
20.45 2
17.58 99
24.37 5
24.13 8
26.68 5
16.9 7
17.99 4
22.51 8
32.24 6
 9
28.76 8
35.85 2
23.36 6
 1
 9
27.12 4
25.64 5
26.89 10
23.58 4
26.2 5
26.55 6
34.21 9
26.19 7
20.67 11
 11
28.9 8
18.72 11
23.07 3
28.59 6
25.17 2
13.38 6
24.16 8
26.61 3
33.68 8
32.03 6
23.73 5
32.53 11
16.52 5
 
 8
21 8
22.39 9
45.69 4
19.13 2
25.12 6
 10
20.54 5
15.35 6
19.67 5
28.15 11
26.15 11
 5
35.85 9
28.56 7
31.32 4
21.78 11
47.02 3
20.52 7
29.62 11
24.99 9
24.08 7
15.62 10
30.51 11
22.24 8
17.34 2
 6
19.65 9
26.95 5
 11
20.62 11
 8
52.05 3
38.6 12
22.61 6
41.95 11
14.17 9
29.34 10
15.98 11
39.01 7
30.19 6
32.19 11
 3
17.29 1
21.19 3
24.69 13
 2
17.64 11
26.21 5
23.33 6
24.28 11
29.48 3
30.61 10
24.79 11
 3
20.02 7
18.04 1
35.84 
 4
14.81 11
 2
27.17 8
28.11 3
23.88 5
 12
36.49 13
21.79 8
16.03 1
16.54 2
18.1 10
19.92 6
 5
 2
32.64 11
22.17 11
 2
37.03 4
13.36 7
27.24 5
24.42 4
27.41 2
 7
22.2 5
25.81 8
29.61 11
17.76 11
19.1 8
27.69 9
15.36 1
 2
26.14 12
14.99 10
18.81 9
18.86 6
29.51 2
15.15 1
13.86 5
21.82 11
15.42 2
26.68 3
15.34 5
26.59 11
26.65 2
29.51 11
18.12 11
31.21 5
25.01 3
19.66 1
29.2 4
26.57 5
23.16 3
 1
27.1 10
21.11 11
26.28 5
22.99 12
24.8 5
27.04 11
16.59 2
19.79 11
21.56 12
 2
 6
25.83 8
21.68 3
27.17 3
22.46 11
 7
 3
22.64 
 8
22.88 5
20.57 11
26.37 3
 5
18.56 3
20.76 3
19.28 
13.91 3
 3
17.09 7
24.31 6
21.8 11
14.87 10
50.51 13
 5
25.12 1
30.08 6
16.16 7
17.5 2
18.84 11
15.91 7
12.46 4
20.09 11
40.03 5
22.41 11
26.33 3
 3
13.81 8
17.96 2
24.49 7
22.04 2
27.21 6
26.13 6
28.78 6
36.26 2
36 5
15.34 11
28.08 11
24.06 10
15.56 2
22.62 4
19.34 10
28.41 2
14.73 8
26.96 12
 4
29.44 8
17.73 5
19 4
31.42 8
22.28 11
14.63 1
15.19 8
23.31 6
14.49 4
33.11 2
18.35 3
27.76 3
30.64 5
22.56 3
21.37 11
20.68 9
24.09 3
32.07 7
23.02 7
18.58 8
15.79 11
22.34 3
 9
22.47 5
23.3 4
 6
24.48 1
17.08 4
26.08 7
18.23 9
 4
37.14 9
 3
27.03 11
27.41 6
31.22 7
19.72 9
29.97 8
26.93 6
17.4 4
27.41 10
23.01 11
27.87 6
26.82 4
 
 9
 5
13.99 9
22.23 5
38.52 6
19.82 11
25.39 4
 4
27.03 2
24.98 11
35.27 3
 1
20.27 8
26.29 9
26.13 12
18.5 3
21.36 7
26.21 11
29.93 9
25.89 7
27.55 
19.63 6
18.1 7
20.38 4
 4
35.09 9
21.65 1
 6
28.86 6
27.38 10
14.78 5
28.34 11
36.58 3
14.51 2
19.3 6
24.51 7
25.52 10
 8
23.71 7
23.64 12
26.05 8
 1
 1
23.09 6
15.43 7
17.82 2
31.53 5
20.88 3
28.14 
20.95 9
42.52 11
31.46 7
 11
 7
31.97 2
19.64 2
22.46 11
24.28 11
16.96 1
16.06 4
19.57 4
17.08 8
28.8 6
29.3 8
18.52 4
23.8 2
 3
16.83 11
35.43 7
15.51 4
27.61 9
14.97 2
32.6 7
26.68 12
 10
26.62 6
 11
29.36 10
15.51 6
 6
26.17 7
15.9 7
 9
23.93 11
 6
27.94 6
29.23 11
27.3 12
 5
28.56 7
22.32 11
35.54 4
13.72 11
22.69 6
26.64 2
24.29 5
36.16 7
26.51 11
23.95 11
32.54 4
27.46 9
16.83 11
27.97 4
33.54 8
28.27 3
17.23 5
24.7 5
42.83 6
15.35 9
23.98 7
29.69 5
26.59 10
26.81 5
15.84 3
14.53 10
 3
29.25 9
25.13 4
 1
15.29 4
14.41 11
21.18 12
27.66 11
27.01 8
28.5 9
22.76 2
33.41 7
24.7 8
27.8 6
 2
28.29 4
14.79 2
15.36 2
33.49 5
28.15 9
27.43 7
23.65 8
25.97 10
35.01 7
 4
41.78 1
36.39 11
23.73 3
24.98 
33.2 9
19.91 8
33.63 6
30.92 99
18.79 11
30.95 8
 7
28.26 3
25.33 11
26.78 2
42.41 9
24.71 7
51.45 4
13.74 6
18.2 3
23.08 8
21.84 7
39.86 7
22.77 3
19.06 3
24.41 8
 13
17.83 8
23.38 9
28.1 10
26.66 6
15.2 4
16.83 2
29.62 6
29.47 7
18.16 3
22.25 8
18.95 8
 2
20.75 9
 1
31.71 8
31.93 5
24.7 8
29.9 2
17.51 4
17.83 11
28.39 4
 5
28.3 5
22.29 11
26.51 4
24.78 5
41.62 4
14.8 10
22.51 11
27.46 6
14.19 2
26.95 1
27.86 4
28.34 12
18.39 6
13.53 3
 8
24.95 9
 3
14.91 7
26.72 4
32.51 7
31.92 9
21.78 5
32.97 5
42.32 3
20.6 6
19.29 4
20.37 4
29.32 77
20.22 11
 2
20.63 6
17.58 7
40.38 2
31.43 3
43.29 2
21.92 6
 5
29.68 9
20.63 8
15.91 11
21.95 2
20.89 5
28.56 8
25.92 2
17.52 2
28.33 5
27.29 7
16.87 11
20.35 2
22.78 11
17.92 11
21.59 4
18.42 1
16.61 4
17.71 2
19.22 8
 11
16.13 4
26.76 7
28.42 6
 4
21.04 1
29.51 7
 1
 12
17.66 5
23.52 7
20.31 8
20.37 1
 8
26.87 4
39.65 5
15.28 3
26.18 6
22.76 11
26.03 6
15.72 9
21.66 9
19.42 11
13.57 2
 10
32.13 11
36.99 10
22.63 5
32.32 6
41.58 
31.57 6
16.53 1
32.09 5
35.82 10
20.28 12
20.71 10
30.76 11
17.31 3
38.52 10
20.72 12
24.85 2
28.67 11
42.14 2
24.25 1
26.11 
32.26 6
17.1 4
16.48 4
18.36 1
21.1 4
23.47 6
31.71 4
16.04 2
22.64 11
26.68 6
27.83 13
 11
19.99 9
20.78 7
18.01 7
22.68 13
31.64 9
 1
25.36 3
18.26 13
18.87 9
16.22 2
29.87 8
18.51 9
16.94 8
29.75 11
26.11 7
25.36 7
15.49 2
 9
19.69 5
 4
31.22 11
21.77 8
28.58 2
41.9 3
17.85 7
 5
21.98 11
30.64 7
24.24 11
 5
18.13 5
17.93 7
16.46 11
30.87 11
26.06 9
21.71 11
15.6 99
30.84 11
21.24 12
30.95 5
24.55 13
 11
27.46 6
 3
22.09 6
31.25 11
26 10
20.96 10
17.94 4
36.36 4
27.11 5
36.23 5
25.39 1
 3
24.91 5
21.62 3
25.19 4
 13
15.32 7
41.11 4
22.9 4
20.15 
45.97 5
20.4 6
19.85 5
20.18 6
24.96 2
 5
17.25 6
23.25 6
30.21 2
 9
 4
 11
 5
31.89 5
20.83 6
19.87 11
23.1 11
14.69 7
16.62 4
23.61 1
17.73 11
27.96 11
14.55 8
14.55 3
25.74 1
15.45 4
23.6 12
19.79 1
 4
23.81 5
23.05 12
17.92 10
23.74 11
22.31 2
24.07 8
24.3 6
22.24 7
 7
18.54 4
27.56 2
 9
23.04 4
19.47 
 3
29.11 5
18.42 3
19.03 11
28.86 2
26.01 1
25.99 7
27.3 3
30.1 3
29.02 12
28.57 1
15.25 4
21.38 11
28.42 3
19.98 77
21.93 8
26.09 10
27.54 1
37.63 12
17.93 7
29.6 11
15.01 2
31.45 4
32.97 11
20.23 6
36.61 2
27.83 6
27.89 10
38.37 3
19.62 6
19.33 9
25.61 1
25.65 4
23.44 4
27.68 6
17.59 77
17.09 8
28.96 5
20.05 6
36.96 8
 6
22.97 6
 11
31.63 5
23.87 2
19.93 6
21.26 4
23.6 13
20.25 11
 
 9
21.26 11
17.24 3
37.29 5
14.48 7
22.91 4
 11
33.17 6
18.94 4
 11
24.37 8
20.51 4
14.26 13
14.17 11
29.01 4
26.64 8
14.64 6
24.44 3
26.84 11
21.31 3
28.73 11
27.71 99
24.48 8
 7
16.5 1
 3
16.14 8
22.09 4
21.01 11
24.33 11
18.61 4
29.38 5
 10
23.5 9
15.59 3
19.17 5
24.31 3
37.4 6
17.16 6
 8
27.07 8
26.74 7
 4
21.3 3
25.65 11
33.63 6
 3
26.78 4
23.13 77
17.38 6
17.02 7
15.73 2
21.83 11
 11
19.42 6
19.27 11
28.23 4
16.6 9
21.29 6
29.56 11
17.08 11
25.07 7
36.01 99
 12
30.99 6
23.58 11
17.51 10
24.85 3
27.1 2
47.55 3
 7
15.18 1
 2
15.09 5
20.17 9
27.38 11
19.82 77
 3
29.72 6
36.99 6
20.89 10
25.19 5
15.25 6
23.97 2
29.34 6
18.77 11
38.26 1
41.77 2
41.88 6
 3
29.27 11
32.84 3
18.35 4
17.97 7
35.18 12
21.78 6
19.37 8
19.47 8
16.59 1
16.76 6
39.99 9
24.62 3
 1
15.28 8
31.23 12
26.77 4
 3
18.13 2
22.84 11
29.95 6
19.07 8
19.57 11
25.19 7
24.18 4
20.6 5
21.39 3
 3
26.96 9
25.89 6
27.2 3
 6
25.17 5
23.74 4
36.64 11
12.87 7
17.7 5
21.57 5
28.05 4
21.77 8
 2
15.98 8
16.68 11
14.88 11
40.16 6
15.36 3
 2
20.92 9
 1
15.79 11
17.12 2
23.47 5
42.39 5
17.76 
20.84 
15.5 8
53.35 2
22.06 4
28.06 8
 11
35.64 7
21.51 4
 5
15.49 2
26.49 10
 2
20.89 1
 4
17.99 4
19.03 5
19.89 6
29.25 11
25.08 10
22.75 5
37.3 6
19.27 2
19.11 12
25.96 10
27.42 3
16.8 6
30.6 11
15.32 6
17.91 5
21.83 11
17.04 9
14.46 8
29.79 11
23.66 7
18.51 7
23.8 7
24.28 10
32.28 5
17.31 2
16.41 3
 3
 5
 5
39.97 2
27.15 8
29.96 9
16.4 5
 6
 6
25.78 5
26.87 99
34.78 3
22.07 1
27.64 5
26.79 9
27.18 2
 3
36.01 6
31.47 10
31.31 3
23.32 7
31.27 9
15.89 1
17.82 3
26.7 99
21.56 11
 
24.89 11
21.89 2
25.52 11
15.49 1
22.32 3
28.8 7
22.38 2
43.27 3
24.45 77
 11
 6
19.1 4
 3
40.5 2
28.29 9
28.88 7
20.17 6
 1
43.24 13
23.79 4
24.39 8
14.66 11
19.02 7
21.46 6
16.06 11
22.72 7
14.53 4
27.88 9
23.62 7
23.24 6
17.27 7
28.7 1
30.67 5
23.2 5
37.72 11
16.67 6
21.03 11
24.66 5
22.08 3
15.73 5
21.01 8
21.4 1
24.33 6
15.35 11
21.69 6
27.11 8
23.18 3
15.82 7
35.08 11
17.87 5
39.11 6
31.08 5
28.09 6
18.55 2
26.51 6
25.53 7
 5
17.02 
29.34 8
21.97 3
15.25 4
23.98 3
28.22 7
26.48 11
32.02 7
 6
17.24 6
24.67 11
 7
32.29 2
27.94 2
15.33 11
34.54 11
16.63 5
14.93 4
28.02 6
15.28 8
25.62 8
33.17 6
27.42 11
20.44 5
 11
18.42 3
15.1 5
 3
29.75 3
15.79 11
29.69 11
21.42 6
33.04 6
31.47 4
26.72 5
18.63 5
 5
30.21 9
24.37 7
24.5 8
15.28 4
17.56 3
30.38 2
27.79 9
35.06 9
 11
18.91 2
22.36 10
24.26 5
17.33 11
21.04 7
 3
20.55 7
28.76 11
27.69 9
29.95 11
28.44 77
20.4 8
 10
26.11 5
22.92 11
28.02 7
14.51 3
24.54 5
 7
15.36 5
 11
23.26 6
24.91 11
20.34 8
15.63 3
33.85 7
32.36 5
26.14 6
23.57 10
41.1 10
25.06 11
16.94 4
25.32 11
21.38 9
18.54 4
37.33 3
 7
17.12 6
17.86 4
26.88 9
15.1 3
25.07 1
20.82 6
20.92 11
 11
26.66 2
34.47 2
15.25 4
21.18 8
25.87 3
22.53 3
37.1 3
15.23 2
21.9 5
28.26 5
34.44 10
24.57 5
17.15 8
36.18 7
15.98 7
 8
 1
24.59 6
17.53 7
16.42 11
32.7 8
35.68 13
22.76 8
 1
35.16 10
 5
 12
28.46 5
39.45 5
29.24 8
24.49 5
17.96 6
28.41 11
28.3 11
33.22 11
19.94 3
32.75 3
30.25 3
27.88 9
29.36 7
 8
18.98 2
30.86 6
16.24 11
24.28 11
20.29 13
 6
30.51 11
33.83 6
14.2 7
17.2 99
 2
32.36 77
33.83 3
17.32 7
27.84 7
23.08 11
28.41 8
 2
26.96 8
15.29 8
41.31 6
29.41 11
23.23 12
28.46 10
26.86 7
25.77 5
17.4 6
17.73 8
37.55 1
22.91 7
16.53 6
 7
 7
26.98 11
15.25 77
18.12 2
30.56 4
31.29 10
28.86 6
19.63 7
21.73 1
30.47 11
28.79 10
21.8 7
26.51 11
26.9 6
27.35 3
22.44 1
 7
15.35 7
24.51 10
14.27 11
24.38 3
32.85 4
29.68 8
29.74 7
16.66 4
18.08 4
19.66 1
24.58 
19.87 11
20.97 7
 9
15.03 2
31.89 11
22.74 4
22.59 11
19.69 2
19.93 6
21.34 4
 7
26.27 2
23.3 6
 99
16.8 5
16.87 4
 8
19 4
25.51 3
 1
24.66 10
27.65 6
32.01 13
39.56 1
16.66 7
26.47 7
23.52 5
20.52 11
31.76 8
14.58 9
33.11 5
35.27 6
31.83 9
28.83 9
24.66 11
14.74 6
28.34 2
34.66 8
34.43 5
13.57 6
 13
15.83 3
56.64 3
25.14 10
32.07 3
19.34 4
19.84 2
15.73 12
 1
30.99 11
26.37 6
23.99 9
20.45 4
31.55 4
38.35 4
25.5 3
24.13 1
23.56 4
17.1 3
21.57 7
18.96 6
18.37 13
36.01 11
22.96 4
32.04 5
23.1 11
18.72 7
23.37 10
22.5 10
33.17 8
23.23 6
31.66 2
23.17 8
30.66 8
 4
 10
30.87 77
46.69 4
21.92 7
33.62 
22.91 8
28.96 7
30.66 11
21.26 8
20.26 11
26.47 11
37.49 5
 1
 11
23.73 11
 6
17.99 4
31.91 5
41.5 7
29.74 6
30.12 4
30.46 2
17.87 3
18.37 8
 5
19.45 8
31.8 4
23.78 11
15.75 13
21.27 7
21.39 8
 3
21.08 2
27.36 6
 5
19.51 11
17.09 7
30.27 5
25.7 1
 2
21.14 9
 3
25.27 6
20.18 3
27.57 7
18.87 4
35.65 11
16.23 7
13.54 2
15.48 2
38.13 11
15.6 5
25.26 7
31.4 2
35.07 7
34.05 7
25.97 6
21.01 9
 6
 4
32.52 6
27.82 5
 3
21.11 11
32.99 77
27.58 6
21.51 11
35.79 11
20.57 1
34.03 11
17.61 8
17.62 2
32.11 7
18.28 11
16.69 8
24.38 9
29.36 6
17.77 77
27.06 11
38.15 3
27.47 9
24.52 5
25.51 
41.59 8
27.78 9
22.51 7
23.46 10
29.51 6
19.95 12
27.02 1
15.97 8
13.4 10
24.56 11
 2
16.27 1
29.41 4
25.18 8
23.81 6
29.17 4
14.68 4
20.88 5
38.46 9
32.72 10
23.89 7
18.67 11
 5
25.95 2
 2
24.2 2
27.78 4
36.1 8
 3
14.93 11
21.42 4
 3
23.97 11
22.37 6
22.44 4
15.5 6
23.59 6
16.81 3
18.81 10
14.99 10
39.09 11
19.82 3
19.35 13
32.47 8
13.7 11
24.65 6
15.23 4
 2
17.69 11
31.83 5
 3
19.36 9
21.11 1
15.98 6
32.5 3
16.93 11
19.52 2
22.12 6
18.13 11
15.28 13
31.53 77
43.05 
 2
21.02 11
14.82 1
24.19 5
42.34 11
44.37 2
29.04 11
25.48 8
29 11
35.01 1
21.81 11
18.41 3
15.3 4
31.26 10
19.86 4
19.4 4
30.95 6
 5
17.27 6
16.02 2
31.96 7
34.17 6
15.76 9
15.83 11
21.27 11
26.65 8
17.28 6
40.77 4
29.63 1
32.23 6
29.36 4
16.31 11
21.79 1
19.79 5
22.61 6
17.28 6
22.43 3
21.74 8
18.27 11
17.43 2
 8
27.61 8
17.82 3
27.36 5
27.31 1
29.15 10
16.24 4
22.73 8
30.19 7
35.09 3
17.43 4
24.73 11
41.65 2
16.74 12
32.9 8
29.07 7
22.77 
 3
 1
31.57 9
19.21 9
22.55 11
23.85 1
25.35 4
20.72 7
16.97 4
 3
 11
24.46 5
15.29 5
 3
22.7 4
 1
39.29 2
19.87 6
27.55 2
30.4 6
22.93 
24.89 7
27.42 11
38.84 1
28.07 3
 3
16.13 8
20.47 2
21.51 8
17.61 1
26.63 9
42.74 3
24.77 10
16.13 7
33.2 11
27.74 6
27.01 11
30.1 7
 13
 1
18.59 2
 10
29.04 3
22.68 10
29.44 6
18.35 2
20.84 6
30.18 6
20.44 11
38.13 3
23.12 4
34.84 11
27.65 3
 7
16.43 10
24.95 11
17.55 11
31.17 4
22.22 8
27.56 11
 2
30.87 6
19.32 7
25.49 9
26.87 1
28.81 8
 6
22.82 11
27.73 11
25.52 8
29.3 11
16.33 10
15.27 2
21.01 4
47.65 2
28.55 7
16.36 8
26.13 
39.97 9
24.2 9
28.03 4
24.44 11
15.36 4
19.68 6
20.73 8
 5
16.68 1
21.5 3
15.43 3
20.5 8
31.43 6
26.3 5
29.11 7
36.19 8
15.37 11
31.62 11
26.49 1
24.5 6
17.27 10
 3
 8
24.9 5
27.53 4
26.33 9
32.64 11
27.32 11
16.79 9
28.58 9
29.15 
22.3 7
 11
18.9 5
22.86 10
34 8
24.71 4
22.35 8
 1
23.86 11
25.96 9
21.12 99
28.15 4
27.85 6
17.01 11
 9
33.54 1
37.41 7
20.84 11
33.68 11
19.94 9
34.4 9
27.64 4
27.96 7
29.97 6
 4
23.22 5
17.86 4
29.29 5
23.78 8
32.37 5
27.24 11
16.72 3
25.01 5
20.69 3
29.35 5
36.58 77
 3
37.32 5
27.56 3
16.49 4
24.95 4
29.93 5
33.99 6
24.82 3
24.58 99
21.98 3
 2
31.24 8
29.39 7
20.66 6
30.66 7
47.82 2
46.59 3
 11
14.29 5
18.09 3
32.29 2
 8
22.82 5
29.1 5
21.9 8
19.53 2
22.6 5
16.73 8
30.86 8
15.14 3
24.98 11
17.42 8
23.77 1
23.37 7
 4
14.75 3
15.55 2
26.6 8
 2
30.03 1
43.93 5
19.32 3
28.8 9
 12
29.84 2
26.9 6
23.28 4
26.41 7
17.88 11
18.27 3
 11
17.05 8
19.08 5
21.22 6
32.15 10
 2
34.22 3
18.65 1
23.08 3
20.9 2
17.84 2
15.36 2
17.67 99
28.2 1
25.94 5
30.19 6
43.03 11
30.53 12
33.69 4
18.9 11
18.09 6
22.66 6
24.64 11
 1
 
38.17 5
28.31 9
13.85 11
31.44 11
27.21 8
15.34 6
25.53 7
22.73 8
37.66 6
51.97 3
23.93 11
20.76 10
 8
25.71 99
23.93 6
29.18 8
31.03 99
23.09 6
28.86 3
19.57 3
36.16 9
24.2 3
26.75 11
 11
22.38 3
28.04 5
20.55 11
18.29 7
31.19 11
36.76 6
 10
23.99 5
26.69 3
18.95 5
18.5 6
23 11
25.52 6
25.13 4
17.59 11
19.11 13
23 4
15.7 3
32.33 8
16.32 2
16.01 9
17.94 7
18.59 11
 3
22.12 7
32.41 9
35.84 9
25.6 4
24.42 7
23.96 13
17.19 8
15.38 5
22.53 11
21.02 11
30.13 3
 7
 13
24.05 9
29.61 7
36.7 9
23.3 11
21.34 11
30.36 6
23.32 1
22.47 11
43.73 8
21.88 2
21.71 11
30.81 12
16.74 6
25.62 11
 2
25.25 9
25.4 8
21.28 7
28.86 11
21.11 8
15.26 1
35.3 5
33.07 3
16.7 8
25.15 7
53.08 3
 2
15.32 3
 5
20.05 7
18.65 8
 4
19.55 6
 11
18.21 5
31.08 11
21.24 11
16.54 6
15.71 5
27.21 3
42.31 3
 6
28.3 11
28.21 3
 4
31.67 10
 3
25.7 3
24.4 5
29.24 7
21.19 4
22.33 8
23.95 13
20.5 11
15.32 7
19.99 1
25.37 11
 6
 12
26.39 11
35.01 4
30.97 8
15.06 8
36.06 1
28.5 7
24.09 
19.91 4
28.31 11
31.91 11
34.43 11
23.28 3
28.29 9
26.34 11
32.08 6
20.11 2
21.67 6
30.47 11
20.33 11
25.42 8
22.56 7
17.44 2
14.05 2
23.38 7
19.3 7
35.5 7
16.78 4
34.21 4
25.53 10
28.66 3
15.57 3
33.46 2
31.46 3
20.71 1
22.54 1
20.75 77
18.95 6
15.72 11
18.54 11
25.18 3
36.02 7
15.87 7
13.9 1
17.44 11
24.85 3
23.51 12
16.02 7
27.2 9
15.56 1
18.5 2
15.78 3
43.47 3
28.96 9
19.34 5
25.86 5
44.07 4
32.05 3
26.71 11
 4
31.96 2
16.67 1
19.68 6
29.87 7
30.01 11
 5
 1
19.18 7
24.08 8
55.61 11
 9
13.72 3
19.46 8
24.7 11
16.92 77
 3
22.79 6
 13
26.7 3
24 3
48.91 6
18.83 5
31.09 7
19.69 9
16.13 7
 5
35.53 6
 2
26.31 2
18.95 12
57.5 11
22.67 5
 
23.19 4
29.96 11
 4
30.57 5
 7
29.84 6
15.46 10
19.31 11
23.48 8
25.8 11
 11
22.58 11
28.48 3
39.67 7
14.87 11
27.55 5
23.2 1
28.96 7
17.31 4
33.19 4
 10
14.33 7
33.51 6
21.62 99
16.73 2
32.21 
30.42 3
22.15 99
34.14 11
18.72 8
 3
14.83 2
26.98 4
19.64 11
22.24 11
 8
48.07 2
23.6 77
32.9 11
14.56 5
22.33 6
24.84 3
15.13 3
17.31 6
14.89 4
 2
18.68 9
22.32 7
26.06 6
26.73 77
 4
17.65 3
37.37 3
29.36 6
36.4 11
26.13 11
25.58 4
32.71 4
23.85 6
31.23 5
23.38 1
28.48 6
27.33 7
23.94 9
23.68 6
24.11 3
16.67 7
17.72 6
24.88 11
23.26 8
 11
21.51 8
28.79 2
 3
25.69 7
32.07 11
26.34 11
33.44 7
 8
20.6 6
24 3
29.06 5
19.86 4
28.5 3
24.65 4
23.24 7
 6
23.7 9
20.11 7
19.9 9
 13
22.04 77
20.43 5
20.25 4
26.89 10
 4
26.39 5
28.06 5
 7
18.39 11
23.05 3
29.54 13
15.11 8
 4
21.44 4
14.53 
35.52 5
26.07 3
16.01 4
22.21 11
17.42 7
22.4 6
25.5 2
24.59 6
26.7 7
23.82 6
22.35 11
20.68 11
43.35 10
19.55 4
19.2 77
23.37 6
27.66 7
30.74 3
17.53 3
 6
31.97 11
17.51 99
16.5 7
30.63 10
26.27 11
37.15 3
16.86 2
29.84 3
13.46 1
 3
18.36 4
24.91 6
24.81 2
 13
23.59 6
25.98 11
21.74 1
37.42 6
28.43 6
18.02 1
24.88 8
18.04 8
32.52 6
36.02 4
37.76 5
 5
32.76 8
22.67 10
14.72 9
23.54 6
 4
14.51 4
 11
19.77 8
22.64 
19.6 3
 11
39.63 
24.1 11
31.84 11
24.13 3
18.13 4
18.24 1
 11
17.56 11
16.99 10
 6
22.57 4
17.29 3
26.4 3
24.26 2
17.2 7
22.2 11
17.57 9
19 2
21.2 2
28.29 3
 4
24.43 3
 2
19.32 9
24.07 8
36.66 6
14.69 5
15.62 11
26.48 10
18.61 1
29.59 5
28.1 1
 8
26.77 5
32.85 11
22.92 7
19.35 4
29.75 3
 11
26.13 3
17.3 6
24.96 6
13.23 7
28.93 10
32.86 8
 11
27.34 5
29.83 10
15.81 77
29.51 11
14.15 5
22.48 8
15.4 10
29.51 6
 1
23.5 11
30.29 3
33.86 11
24.66 13
 2
29.08 5
19.88 11
15.78 5
22.6 9
18.27 11
19.89 3
 9
17.68 6
39.67 6
29.2 12
16.57 1
25.79 5
 4
22.72 11
28.04 12
22.67 6
15.75 4
17.39 8
 2
23.09 2
34.01 4
 12
16.97 9
27.7 7
25.09 8
18.07 6
15 7
32.42 9
20.07 3
24.87 6
29.11 4
17.65 3
26.17 99
19.97 2
22.38 13
14.58 7
23.95 4
18.9 11
29.56 2
28.93 6
 11
26.93 7
 4
16.01 1
32.25 6
18.91 3
26.46 77
20.82 3
24.97 3
20.7 11
29.17 12
32.2 8
 5
21.61 4
 4
35.4 5
26.72 7
30.04 8
36.26 5
37 5
22.13 11
18.83 5
 4
15.25 5
29.43 11
25.65 6
33.34 11
19.47 2
20.36 1
28.34 6
18.65 2
26.1 4
14.71 8
22.17 11
27.79 4
29.17 11
19.28 5
25.32 11
24.1 12
22.24 9
23.5 7
12.99 11
21.73 3
20.56 4
17.1 7
15.04 10
16.5 10
19.12 11
34.73 10
21.24 9
24.36 11
20.52 3
17.59 5
26.11 13
25.11 9
24.3 6
30.35 3
18.59 5
15.47 7
 11
22.57 9
21.78 3
26.12 6
38.93 5
 10
24.25 3
29.62 11
20.54 8
24.25 6
29.37 11
24.48 4
23.82 8
28.62 6
32.83 5
 2
18.9 7
15.99 3
 3
 10
34.25 4
 2
29.04 7
32.38 11
18.21 2
19.71 11
 6
28.95 8
24.8 6
40.39 3
15.73 11
31.85 2
29.58 11
 8
20.94 3
25.93 10
 9
 8
31.52 6
34.2 12
25.47 5
28.04 4
16.4 8
15.65 11
27.36 7
24.02 3
 7
24.41 6
43.07 11
27.58 3
 9
25.74 11
20.87 11
29.62 4
42.92 3
27.65 7
44.69 5
24.51 1
19.59 11
41.28 11
32.52 3
21.17 8
18.6 11
23.28 5
19.28 4
15.95 7
16.85 3
24.46 8
16.56 8
24.45 11
14.87 4
21.85 5
19.84 5
29.53 11
35.54 7
27.71 9
17.94 6
21.08 3
32.85 11
21.09 11
 1
28.84 8
39.4 3
25.21 4
27.91 5
18.44 8
37.01 9
23.93 5
29.28 11
 11
46.79 6
25.79 9
20.09 6
32.11 11
28.6 2
18.41 9
25.2 8
20.73 3
 3
 3
46.73 5
26.51 6
28.49 3
20.65 3
20.26 11
29 7
16.38 1
17.6 11
 11
23.72 6
 7
 4
21.33 11
 5
15.13 4
 11
20.85 8
33.61 8
 6
34.39 4
24.85 11
30.07 1
39.86 6
21.41 11
30.29 4
16.52 4
18.54 
16.89 10
24.64 1
23.87 10
35.35 2
19.34 5
32.56 5
29.97 11
23.43 8
23.92 6
22.43 2
25.23 13
26.33 12
21.73 11
15.96 8
15.25 7
23.32 11
 11
18.07 5
 3
24.61 8
21.57 11
14.65 1
16.45 8
24.24 2
24.96 13
34.93 11
13.85 9
27.55 7
17.26 77
24.34 3
19.25 7
28.74 1
21.74 4
36.45 9
 6
21.3 11
24.49 3
29.47 11
29.13 11
17.07 9
17.61 9
35.65 11
37.74 13
23.65 5
39.14 2
14.73 11
18.12 1
19.58 3
29.32 10
20.97 10
24.36 5
25.5 10
15.2 3
26.48 11
36.97 8
 7
20.33 13
21.63 4
13.81 6
27.43 12
13.23 4
 8
27.48 9
 3
 9
39.71 3
52.83 99
 8
17.94 8
25.37 4
23.24 
20.84 3
 6
21.54 7
29.36 9
21.04 3
24.63 3
31.88 9
21.09 4
20.88 5
24.04 3
24.11 12
17.76 11
30.41 11
25.67 11
 3
18.15 12
36.62 2
13.96 6
25.76 6
16.8 8
51.85 5
21.13 4
24.25 3
22.28 3
26.25 6
30.04 9
14.65 11
15.56 7
33.48 3
27.58 6
31.22 8
26.98 11
29.57 9
24.66 11
16.62 11
35.16 11
23.2 5
 6
21.57 6
 11
29.85 6
27.13 1
26.78 7
20.38 8
18.34 12
24.63 5
18.42 5
31.95 4
29.6 11
33.08 9
29.14 1
31.16 10
21.02 6
15.05 5
28.55 6
27.09 5
 5
21.71 8
21.88 2
26.21 4
25.44 8
19.17 7
38.57 2
34.04 2
21.96 2
20.75 11
16.99 7
40.63 8
25.29 11
31.09 11
21.95 7
 5
24.99 9
20.5 5
19.3 4
23.28 5
26.05 11
22.53 2
28.8 8
 7
31.3 11
25.99 5
17.79 5
19.88 4
29.9 6
34.86 
31.65 7
25.71 8
 13
18.71 5
28 11
15.1 2
28.26 11
15.57 7
32.16 9
15.62 6
31.87 11
29.78 8
16.17 6
30.89 11
26.24 7
25.93 7
19.25 7
21.97 6
17.14 9
24.34 11
19.87 11
 11
33.4 1
30.12 5
34.36 6
29.36 3
30.47 1
27.32 4
 5
24.16 5
23.11 9
21.32 5
20.8 9
19.67 9
22.9 13
24.69 3
19.92 11
22.65 11
17.57 3
38.41 3
 2
14.49 8
26.18 11
25.62 11
22.78 6
25.93 1
23.18 11
35.77 9
23.8 10
24.07 11
25.56 11
26.03 4
14.88 8
26.57 12
34.22 8
24.62 6
14.9 11
28.68 5
26.21 8
19.57 11
15.31 3
15.39 6
24.36 2
 1
26.52 8
15.57 11
 4
21.73 2
24.17 11
15.66 8
31.89 6
16.34 3
28.28 7
18.51 5
16.63 11
30.5 10
20.73 2
23.21 9
36.41 8
16.88 7
23.81 1
17.43 2
22.15 4
18.14 77
25.63 13
35.4 3
 7
28.87 4
 11
30.32 7
 11
 2
18.91 2
22.25 6
15.99 4
19.79 3
 8
22.05 11
18.8 8
17.19 1
29.42 6
22.22 9
 3
 12
 8
 3
17.26 7
26.69 3
32.22 4
 1
31.35 9
26.52 9
22.29 6
30.53 7
17.55 
18.77 3
18.91 77
21.79 7
16.19 1
16.37 2
22.61 11
26.1 11
29.07 6
19.47 3
16.65 9
22.82 11
17.64 9
21.63 11
36.91 9
15.59 8
28.02 
30.69 4
21.39 2
 2
25.53 2
25.09 11
 11
22.59 8
 6
14.63 1
 9
35.85 5
26.87 7
25.1 3
 7
22.2 11
28.22 3
22.97 5
26.12 8
24.54 4
27.47 5
25.06 1
 2
22.92 3
 2
27.08 6
 11
26.49 12
21.76 1
21.33 3
25.13 2
24.65 11
25.38 4
30.88 5
25.51 11
 10
24.56 7
31.57 3
22.21 11
26.35 99
25.97 1
28.41 3
28.33 1
20.12 6
17.4 11
 4
40.72 1
55.78 
18.24 7
32.8 11
27.42 9
18.21 11
28.68 9
28.94 8
23.18 8
20.47 3
26.2 4
30.47 77
20.3 10
36.79 8
19.48 11
17.83 9
19.26 5
20.66 11
33.45 5
35.1 2
18.81 77
23.86 77
16.25 7
29 10
24.17 3
17.19 7
26.5 4
21.49 11
20.38 4
 6
21.88 2
33.84 3
30.82 4
18.57 5
 8
20.17 11
19.56 4
 6
 12
 3
26.42 11
18 2
14.38 11
 10
15.16 3
20.59 
23.71 4
18.2 11
21.66 9
21.78 3
21.03 9
39.77 11
31.63 4
31.04 4
33.83 6
18.98 2
20.19 8
21.49 11
 8
22.93 8
24.31 13
29.64 4
21.13 2
23.23 1
14.93 13
25.88 6
23.51 4
41.6 11
19.04 3
 3
25.45 11
 11
 9
20.85 2
23.01 7
19.42 3
32.85 5
26.39 11
15.91 2
14.05 3
 7
 10
22.83 6
 8
30.3 7
16.5 11
16.3 6
 1
17.12 4
19.74 1
24.24 10
16.05 1
49.23 4
19.09 6
18.96 3
28.77 9
15.71 9
49.73 6
19.57 13
23.37 4
26.61 11
19.73 12
 3
37.63 2
20.28 9
19.71 11
 6
15.5 8
 4
21.7 9
 6
14.2 5
31.59 8
22.65 1
27.67 9
16.99 8
 10
15.03 7
21.28 7
25.69 9
34.88 8
17.22 7
21.55 8
 3
 10
21.4 9
20.74 9
15.23 6
34.08 4
26.9 6
29.78 11
28.92 9
28.99 3
15.17 4
21.95 11
24.61 11
35.82 9
19.97 3
28.87 8
16.47 1
20.59 11
31.84 11
18.14 7
15.41 6
 3
 6
 12
17.06 2
16.03 11
22.53 4
 8
25.63 
40.65 4
19.54 4
19.5 9
30.44 6
16.12 11
24.8 10
29.02 11
18.53 6
 1
28.77 9
24.9 1
16.6 9
28.44 6
28.16 7
18.57 1
33.93 5
36.45 8
15.61 9
30.33 5
19.84 4
20.58 6
23.6 11
 3
 1
22.34 11
18.68 8
21.5 7
21.39 3
 3
 3
18.96 2
 2
 7
23.51 6
16.1 6
27.55 6
30.17 8
25.13 6
15.46 2
21.84 3
 6
 6
50.99 4
 6
 4
24.5 3
25.08 7
13.79 6
20.94 11
26.95 6
 9
22.72 11
 3
20.17 6
26.05 6
17.15 4
 10
23.27 5
 7
22.81 6
27.41 6
 12
19.58 11
25.49 11
23.34 9
23.41 5
26.92 11
 1
23.72 6
 3
24.56 6
 11
20.16 10
16.35 4
24.64 11
24.77 2
23.06 7
17.1 5
29.25 4
26.25 7
18.69 7
14.72 9
31.8 11
39.3 4
35.02 7
20.69 13
22.34 6
 6
24.76 7
29.95 10
 8
29.41 8
23.75 11
20.58 1
 13
18.4 11
33.04 99
26.74 13
26.55 9
25.99 4
18.83 7
22.2 4
15.6 8
28.12 6
33.49 8
19.97 5
16.14 8
13.55 6
 7
 8
 4
31.79 2
22.09 3
25.64 99
23.15 8
 1
25.23 4
 1
21.79 11
19.37 5
14.66 5
30.75 4
26 5
32.57 3
19.42 6
25 1
20.1 3
 9
19.65 12
21.01 4
30.52 11
29.46 1
18.43 7
27.04 6
 3
27.85 8
14.52 7
37.97 12
22.26 2
27.92 8
 1
17.27 11
18.32 6
22.79 5
17.34 11
19.48 9
 3
44.36 5
26.36 1
39.78 1
15.4 8
26.09 7
30.96 6
27.12 7
22.59 11
27.95 7
17.49 3
13.93 3
22.69 11
18.53 8
37.46 7
31.36 6
21.69 4
14.13 2
20.07 11
26.65 5
23.88 8
15.78 3
 6
30 11
27.8 6
16.79 2
 3
16.63 6
32.26 11
30.47 9
28.82 4
22.71 13
21.99 9
21.14 11
 10
27.21 7
36.14 5
28.49 3
29.06 9
26.88 13
 7
25.07 4
 2
21.32 11
26.51 11
23.47 11
 5
32.18 7
16.24 7
24.72 5
18.24 5
27.86 11
29.12 3
24 11
24.21 4
30.44 3
15.78 1
25.45 7
18.78 6
38.34 3
17.04 3
22.58 8
17.94 8
22.99 6
23.74 
26.17 10
26.59 4
18.7 12
 1
30.83 7
23.05 4
26.51 7
 2
14.84 11
 99
24.06 4
30.21 10
18.61 8
27.47 10
21.23 11
18.6 11
32.81 5
34.21 5
 2
20.52 3
14.08 11
 11
24.4 3
18.86 2
19.11 11
27.85 6
41.09 10
20.73 6
 8
 6
36.24 2
29.09 3
24.64 6
40.05 7
 3
19.7 8
31.74 2
24.71 5
20.61 2
35.51 5
15.85 4
17.14 7
 8
30.49 5
29.37 7
28.96 4
 5
28.39 10
24.33 6
25.98 3
31.47 8
18.46 5
18.44 11
20.67 7
 4
17.81 6
24.34 4
15.16 4
29.99 4
42.19 10
 4
32.86 4
17.33 4
15.03 4
34.65 6
26.84 7
18.7 5
 1
37.2 7
33.73 8
30.22 6
25.83 11
18.74 11
20.54 5
24.83 6
26.48 
29.37 2
28.77 5
33.4 9
22.45 1
 5
13.86 4
 6
25.41 7
23.26 6
26.17 7
15.6 11
21.07 5
19.18 11
20.69 7
 12
41.17 6
 7
27.17 6
16.83 7
15.33 7
24.21 5
20.95 1
19.13 5
26.19 9
25.47 5
26.27 5
23.66 3
33.17 2
24.36 11
19.04 7
39.98 9
14.95 3
29.44 4
25.23 11
19.25 5
13.88 11
23.76 3
 7
17.95 5
24.98 8
14.24 3
23.17 4
14.79 11
21.08 3
22.3 9
36.98 8
24.91 10
25.08 3
26.57 99
17.09 4
21.42 11
36.83 10
17.23 6
24.49 7
15.73 9
 2
24.88 11
 6
18.73 1
25.81 3
24.55 2
26.61 10
34.86 5
 4
 7
17.73 11
28.4 12
19.76 10
32.34 11
15.96 99
22.65 11
13.71 3
26.94 7
22.49 
16.96 5
25.85 7
 6
25.61 11
20.9 6
33.26 4
22.56 4
30.27 4
30.6 4
23.53 2
44.15 5
24.88 11
 6
39.24 5
30.38 11
38.01 7
 4
 3
18.45 11
31.71 6
13.57 5
20.53 11
28.16 1
 2
14.28 99
24.65 11
16.53 11
18.53 11
26.97 11
26.13 12
19.08 4
17.61 8
27.27 7
21.13 8
15.39 5
29.73 8
30.87 5
13.65 11
26.6 6
21.69 11
 7
27.74 5
 99
29.14 3
20.58 77
22.02 7
22.44 2
17.37 9
24.25 6
29.33 11
20.7 3
35.8 3
21.52 3
17.94 4
28.42 7
 6
22.86 5
18.14 1
28.64 6
30.87 6
29.74 13
24.06 6
15.19 4
17.58 4
17.21 2
48.4 13
31.19 9
 8
23.13 7
26.29 
28.2 6
25 7
31.17 6
28.87 13
25.82 2
25.1 7
16.65 4
17.66 4
 4
21.26 4
22.69 7
16.66 3
30.46 6
41.5 8
20.16 8
21.65 13
26.23 7
17.66 11
30 11
16.33 9
24.18 12
35.08 10
25.2 4
32.9 10
20.92 13
16.5 4
26.73 11
25.27 12
36.86 7
26.04 3
 8
 7
14.44 1
26.93 11
16.68 12
35.99 11
39.19 7
 8
33.55 3
28.43 11
18.66 2
36.35 5
17.51 10
26.05 6
18.01 1
 11
 5
22.12 3
 4
25.86 12
31.28 3
16.75 1
39.56 5
17.17 3
24.35 6
39.24 6
14.77 4
28.14 6
15.51 4
21.85 4
18.92 9
30.33 6
21.08 3
31.05 4
38.5 12
17.49 4
22.26 2
29.74 6
 3
26.9 11
17.05 2
15.79 3
 3
19.9 5
20.56 6
 4
19.31 11
35.75 5
33.77 8
 8
18.64 8
18.99 2
19.15 7
25.91 5
28.23 11
13.77 11
 11
31.67 6
44.03 11
34.73 6
27.23 11
15.86 3
20.28 3
19.1 11
18.86 6
34.78 5
23.23 5
36.68 11
20.34 5
23.41 2
28.37 10
12.8 2
33.02 11
14.98 9
 1
19.97 7
29.13 6
26.02 99
30.89 7
19.59 8
17.22 4
30.15 11
29.07 9
23.54 5
 2
14.44 11
 6
 9
 10
29.79 5
33.63 5
15.31 3
25.42 11
22.02 3
35.92 4
27.95 6
17.08 2
 12
18.9 11
 1
18.39 11
 2
 2
16.78 4
22.07 1
18.65 6
29.96 5
24.54 3
19.41 77
15.76 1
29.22 6
25.52 11
16.5 11
25.36 7
34.39 1
34.05 11
18.09 11
18.53 1
23.71 13
32.76 10
16.12 1
16.81 11
32.77 9
18.54 
32.58 5
30.46 11
18.55 4
29.08 3
20.4 6
54.65 5
17.33 11
19.54 10
37.15 2
25.29 3
23.91 11
20.5 11
25.3 6
36.61 12
29.32 77
 13
28.53 11
 6
26.2 9
21.29 8
32.97 13
 12
 4
 3
24.42 6
21.09 4
 8
29.94 4
18.44 5
23.56 11
46.85 6
 10
21.07 7
 3
26.38 11
28.08 7
 2
31.56 3
 6
 11
27.38 6
 3
16.61 77
31.1 8
27.71 4
13.65 11
25.76 2
 3
20.18 11
21.41 5
19.59 3
22.82 12
17.38 11
15.41 3
 11
28.91 11
27.62 10
37.17 6
33.17 6
15.02 9
26.71 7
17.24 11
23.29 
19.49 9
 4
21.33 10
 4
28.25 8
34.04 6
31.85 
17.17 11
29.12 7
29.83 3
25.19 11
29.34 7
22.35 13
27.94 3
 77
 2
34.69 9
27.13 11
19.53 3
36.15 1
17.19 4
 4
 11
20.15 7
18.94 3
33.38 99
19.05 6
17.86 8
24.43 10
18.84 1
32.08 8
25.03 5
23.51 2
19.53 1
34.72 1
16.74 2
32.62 5
27.52 3
 2
23.33 1
 7
14.19 11
19.15 13
13.49 7
 5
16.19 4
31.15 4
18.72 7
37.48 11
14.19 11
31.85 9
17.95 11
32.93 9
24.83 6
17.12 5
45.81 8
24.8 8
15.04 
25.79 6
27.13 11
17.03 1
23.91 11
 6
29.32 4
15.7 5
18.07 13
17.78 3
18.78 8
35.05 3
25.64 1
26.73 5
19.38 4
21.79 3
25.95 7
26.95 5
50.84 13
17.3 10
 7
 7
16.37 2
33.24 6
19.98 6
15.4 7
25.83 2
37.32 1
26.11 7
26.38 
 11
18.43 6
22.89 11
26.54 4
35.85 11
22.79 2
 1
39.98 11
19.42 8
 3
 6
14.72 2
31.63 6
15.28 5
14.77 9
31.41 6
22.09 11
22.19 7
20.34 5
28.22 6
49.44 5
21.3 8
28.13 6
15.72 3
31.63 4
21.56 4
26.96 11
16.59 5
29.21 3
14.51 3
39.32 6
29.48 5
26.29 4
48.37 5
39.49 2
32.23 5
19 4
24.37 4
20.85 2
27.3 10
24.21 2
20.9 9
20.88 11
 4
 5
46.86 7
28.69 4
23.78 10
 7
28.37 2
19.99 6
19.21 8
19.27 8
15.35 9
47.16 11
25.38 6
26.92 4
21.03 11
 5
22.2 2
 5
26.66 11
 12
19.91 11
 2
25.09 7
 6
38.09 
 6
31.43 10
16.35 9
35.16 4
38.65 6
 11
25.58 11
19.97 3
15.35 6
26.16 5
20.03 5
16.91 7
26.36 5
21.45 6
17.83 4
14.75 5
25.66 5
28.88 4
25.49 2
 10
30.12 9
23.22 9
34.67 4
20.41 7
21.15 11
26.02 8
19.38 7
26.42 5
27.71 7
 5
24.55 5
27.5 11
 3
26.02 5
17.84 6
16.66 12
25.7 2
39.85 8
 11
30.34 9
20.86 11
38.46 9
18.99 6
20.72 11
37.63 2
29.57 3
 6
22 6
 7
30.15 11
30.11 7
19.19 4
27.65 2
40.72 5
25.83 5
31.52 7
18.49 4
 7
26.51 3
 3
25.93 6
21.51 5
30.23 11
 7
25.31 6
18.4 8
22.92 2
28.46 9
15.98 4
 6
26.39 8
 5
30.79 8
29.04 11
26.51 5
31.73 9
 6
21.16 6
33.63 2
23.76 3
47.31 8
32.29 5
 7
29.41 3
35.42 8
30.02 3
19.88 11
24.57 11
16.69 9
 8
24.41 7
26.26 3
34.52 1
15.34 8
23.85 5
22.34 10
 1
23.59 11
28.99 7
14.78 1
26.84 3
17.16 8
17.46 7
35.68 9
15.16 10
29.63 3
27.43 4
21.28 99
 6
26.33 11
33.7 1
27.34 3
 9
32 11
19.96 10
21.94 1
 99
 1
28.77 2
20.65 5
14.7 1
28.38 2
15.92 8
23.39 11
27.46 5
28.08 11
17.43 4
21.26 9
24.24 11
16.26 1
28.44 5
51.84 8
 6
22.73 5
26.59 11
30.31 12
29.77 2
28.14 7
18.94 3
17.76 4
32.86 2
27.11 12
25.39 6
20.23 8
62.99 10
17.55 7
26.6 6
37.35 5
35.05 5
20.99 11
17.83 2
15.65 2
18.69 8
19.95 7
19.35 4
36.76 10
25.3 11
19.66 6
21.52 11
25.93 11
15.87 11
34.28 11
35.35 2
31.77 3
31.53 7
27.7 7
28.46 5
32.99 7
24.26 3
29.1 12
23.58 8
28.61 11
14.14 10
25.23 7
20.24 7
35.39 6
24.14 
 3
 2
18.52 1
42.75 4
40.11 5
20.51 8
25.36 77
 11
22.08 10
17.34 6
16.93 4
19.2 5
20.45 3
17.7 9
28.84 9
21.62 5
31.81 11
21.48 12
26.75 11
25.63 12
27.4 1
14.06 7
 10
 13
17.35 8
19.4 8
26.89 11
27.97 6
27.24 11
25.2 11
37.18 8
32.05 11
20.42 3
18.38 1
29.69 11
20.36 7
19.11 6
32.62 11
26.08 11
26.4 7
17.92 4
18.18 9
16.82 8
23.39 3
32.29 4
26.41 3
29.93 3
24.61 7
47.03 5
19.23 6
16.42 11
26.08 5
37.62 2
29.07 1
 6
19.99 11
32.14 5
15.56 2
 3
29.6 6
25.13 7
22.5 4
18.92 11
23.9 7
32.32 2
24.67 5
20.92 8
30.57 6
25.47 2
30.94 3
 8
29.09 8
21.47 11
 6
19.33 2
14.68 7
25.36 7
 7
32.3 3
28.12 3
24.37 6
15.07 5
 8
22.45 11
19.89 9
15.03 77
17.26 2
19.56 11
 6
28.48 6
16.07 99
28.71 7
42.69 9
17.05 4
15.59 4
24.12 5
16.22 3
 4
28.18 6
15.55 11
 5
41.18 11
28.3 4
23.95 1
23.62 9
20.49 4
17.27 6
21.73 6
16.81 8
24.77 5
 1
31.53 3
21.03 11
27.19 9
18.74 4
17.76 
27.99 11
15.31 2
 11
16.1 1
21 7
17.04 4
 8
26.72 6
16.71 6
24.1 6
18.53 8
15.37 7
17.63 11
31.61 4
15.84 9
24.82 11
26.36 8
26.47 2
19.39 4
16.45 4
22.69 4
17.39 4
 7
27.67 5
28.36 11
15.52 6
38.73 3
33.6 1
38.59 5
 1
28.92 7
 8
22.78 7
25.41 3
20.65 2
 7
 2
22.53 3
22.42 8
19.22 11
29.38 11
27.26 8
31.33 11
30.5 77
31.97 11
15.9 6
35.28 11
21.52 6
25.85 11
27.46 4
27.15 11
31.37 2
19.53 11
32.71 4
13.84 3
19.45 6
 8
20.36 11
 13
21.14 11
22.67 8
16.73 11
19.79 
25.76 13
17.35 6
 6
20.03 1
22.13 13
29.96 6
 3
28.73 8
 5
43.76 3
28.12 11
30.15 5
15.16 3
35.33 4
 11
24.47 8
26.75 6
26.44 3
29.36 2
 4
 6
23.14 10
28.14 8
 1
19.81 7
16.55 11
29.2 77
 4
15.96 2
31.85 7
28.8 2
20.45 5
17.28 10
15.72 3
 2
30.28 6
29.1 1
16.1 5
23.07 2
22.45 11
17.95 7
 11
24.81 10
28.23 11
43.88 77
17.47 6
19.32 6
26.09 2
37.11 8
26.36 6
20.82 8
14.55 2
29.38 4
28.01 7
18.04 11
33 5
24.35 4
17.41 9
30.12 4
31.16 5
 13
24.27 
44.76 1
25.36 6
36.73 2
 4
 7
30.58 10
31.98 2
13.18 11
21.88 11
27.17 99
16.15 4
15.1 9
 8
22.97 10
15.28 12
15.97 11
24.76 9
18.24 11
15.71 10
21.51 12
32.5 4
 4
18.72 6
 5
19.73 3
28.96 3
18.87 3
19.88 8
32.24 7
31.77 1
 4
20.51 3
39.58 4
 11
27.92 2
31.94 2
17.6 9
32.58 6
21.83 3
18.78 3
27.93 4
26.23 5
16.08 8
18.16 5
26.79 11
50.04 11
33.38 7
18.52 8
42.61 5
20.71 12
26.52 12
 1
24.19 5
21.21 7
28.37 3
27.9 3
15.95 5
32.11 8
16.33 11
27.6 4
18.55 4
26.41 6
26.64 9
19.04 7
19.35 11
 2
26.02 9
33.44 11
13.99 6
31.16 2
30.23 4
30.15 12
23.12 2
26.44 5
 2
31.91 3
 6
18.76 6
22.79 2
19.77 11
22.57 11
17.84 11
16.59 4
32.48 1
32.69 3
 3
23.4 11
19.54 2
23.01 1
19.37 11
28.49 7
20.09 10
25.06 6
21.71 11
42.84 10
16.13 11
26.02 7
 1
 7
19.58 2
19.8 2
20.41 4
28.63 77
28.22 6
27.74 3
30.59 3
 2
23.81 3
27.89 2
24.22 9
24.86 3
38.17 1
18.37 4
15.07 7
29.74 6
20.98 9
 5
19.68 6
20.86 9
23.82 4
28.77 8
23.44 11
 10
17.04 11
39.52 4
17.18 5
14.42 8
32.8 2
25.5 11
26.61 3
19.09 9
27.31 3
37.21 11
29.59 10
43.05 7
27.78 9
27.41 5
18.97 5
25.11 7
25.89 3
26.66 8
23.59 7
19.93 3
28.62 11
21.48 6
26.68 6
36.14 12
33.45 3
19.28 11
31.01 11
 11
 3
 10
16.3 4
18.61 4
27.47 7
27.81 6
16.73 3
29.78 9
16.08 3
25.23 4
42.49 4
12.8 2
 11
22.19 
20.41 11
14.36 11
17.81 2
20.4 8
24.92 11
17.78 3
21.13 8
26.27 2
27.56 2
16.34 1
18.08 9
23.3 8
28.14 3
35.42 2
16.33 1
31.74 10
23.05 1
20.39 5
25.91 9
24.87 5
26.93 3
27.9 5
14.37 6
22.07 6
23.12 9
17.21 8
27.32 3
17.2 5
17.35 8
25.1 4
23.4 7
29.67 11
27.34 2
33.96 5
35.54 10
 7
24.1 2
19.29 10
18.74 6
26.1 3
47.41 4
16.29 8
34.91 3
28.46 99
18.69 5
23.51 5
32.58 6
27.8 12
 3
15.15 3
33.92 4
15.24 4
20.96 9
19.56 2
25.69 5
20.62 2
15.03 11
19.51 11
20.9 8
32.91 11
19.73 11
20.55 9
26.47 3
20.07 2
 11
25.82 11
15.01 3
 6
35.86 11
19.35 9
 6
17.94 6
33.39 11
15.69 5
21.71 11
16.36 9
16.98 11
22.75 5
27.14 8
26.56 8
21.37 5
22.8 6
20.26 11
22.06 9
30.5 6
19.69 8
22.04 6
18.45 11
39.81 3
34.56 4
14.79 2
26.84 11
18.47 4
17.51 3
15.72 11
42.56 7
20.14 11
35.27 8
15.88 6
25 5
26.43 4
36.3 4
 3
 6
24.71 6
33.97 2
16.87 3
20.07 11
19.45 3
29.26 11
 8
39.7 5
16.85 4
15.16 3
14.67 9
28.78 3
33.46 
21.35 8
28.62 8
15.63 12
27.15 4
27.7 8
34.75 1
21.85 11
27.05 7
19.26 9
19.64 6
 4
52.09 8
38.79 11
20.16 11
26.66 7
20.74 8
25.71 6
19.05 11
16.24 6
 3
28.71 11
27.42 5
 5
35.31 2
20.82 7
17.56 3
 2
33.08 3
 5
42.15 12
16.79 3
19.6 10
26.18 4
24.04 4
15.58 5
22.09 6
33.49 8
21.76 2
44.52 7
13.4 9
14.96 3
14.71 11
16.22 13
33.83 5
17.93 6
25.43 11
44.72 6
13.86 11
18.12 6
20.12 4
29.85 6
33.29 6
21.24 5
29.36 2
39.35 9
15.32 6
32.06 11
30.25 11
30.45 6
30.22 10
37.37 6
19.46 7
22.99 11
27.12 4
31.63 6
28.64 5
27.5 7
28.56 8
27.77 8
 9
20.9 7
39.5 2
 6
20.75 8
24.94 12
36.86 4
37.83 9
 4
24.26 8
22.64 8
24.69 6
30.46 8
23.6 6
17.35 11
32.4 6
35.39 6
23.12 
25.56 1
38.68 10
 9
36.26 3
25.44 12
16.52 5
15.89 10
17.2 1
39.92 77
29.03 1
29.87 8
25.9 7
34.55 8
26.96 3
14.14 3
40.61 3
20.7 4
32.17 5
35.26 5
31.42 7
27.09 6
24.62 2
29.9 5
 10
26.8 3
32.4 11
27.56 5
19.44 2
16.82 11
27.99 11
 6
 6
29.44 5
36.29 6
26.89 6
24.44 11
28.5 1
24.64 6
27.2 11
 1
15.34 8
28.8 11
 3
16.9 1
36.28 11
33.89 8
24.5 11
22.57 11
 3
28.16 5
16.71 4
26.23 10
 2
20.52 7
20.86 10
 3
27.75 3
26.98 
16.33 3
32.79 7
 8
18.16 4
14.54 4
21.21 4
22.42 7
28.17 10
 2
26.4 4
 9
27.2 9
22.77 1
29.26 11
 2
37.83 6
17.16 8
22.68 6
16.28 11
 1
29.41 3
15.51 1
19.03 3
29.71 8
 6
22.21 8
33.16 6
25.95 2
23.39 1
16.65 7
28.34 11
26.22 4
17 11
 4
19.69 11
35.71 6
14.44 11
28.93 5
35.01 2
32.83 4
32.46 9
30.05 6
22.31 4
21.54 77
 7
26.85 7
31.23 7
25.63 9
27.7 6
14.12 3
22.34 11
37.34 6
21.35 3
30.23 2
19.95 13
25.69 9
28.03 4
17.05 11
17.79 99
 11
32.13 6
27.55 9
33.48 10
32.55 3
19.9 12
35.44 3
25.18 11
33.81 3
25.71 10
 8
14.13 5
15.36 1
23.43 5
16.61 6
19.72 2
24.98 11
19.96 1
27.95 3
31.03 5
30.57 1
 6
37.55 3
32.38 10
21.36 7
15.12 4
 5
15.72 8
21.71 
21.97 3
40.85 
15.16 5
40.7 99
29.4 1
23.7 11
26.6 8
 3
23.36 2
17.93 6
 2
 7
37.1 7
32.06 8
16.59 1
16.54 11
29.38 4
16.07 4
27.31 6
17.48 6
15.93 3
33.33 2
 77
31.37 2
33.13 11
19.93 3
15.53 8
17.71 8
29.39 5
27.66 11
15.86 11
26.79 9
15.12 11
15.78 9
29.87 6
26.4 4
19.45 6
 7
24.2 2
 4
26.45 11
26.75 11
29.17 7
13.18 9
22.01 11
19.87 6
19.46 9
22.96 11
25.2 12
26.17 6
23.86 6
 8
 5
25.43 8
18.02 3
22.32 1
20.54 7
29.52 12
 5
 5
14.29 3
15.95 6
29.25 11
 99
25.24 10
26.27 11
17.71 11
26.61 77
22.67 4
32.31 3
15.95 5
40.86 7
42.03 5
28.15 7
16.68 6
28.07 10
32.01 5
14.83 7
21.34 6
48.56 6
23.1 1
17 6
27.78 11
17.28 11
22.39 9
17.43 6
16.42 1
14.65 2
18.76 3
20.93 10
24.57 4
34.14 2
26.13 
20.22 11
25.13 6
27.41 10
14.83 7
24.34 3
29.96 11
26.97 11
19.41 10
18.2 4
26.2 5
17 4
29.72 8
 3
18.98 10
 8
25.49 
31.11 8
23.06 5
20.38 2
25.96 10
22.63 6
26.75 12
 2
16.84 
18.24 12
 4
23.68 8
23.57 7
15.4 7
20.01 4
26.4 6
15.67 6
 11
46.04 5
22.06 9
34.87 11
22.65 2
22.58 5
35.09 77
23.09 11
28.94 4
34.9 3
35.94 1
20.83 9
 
22.04 2
 11
22.74 4
16.7 5
18.6 7
18.24 5
25.16 11
 7
19.77 7
14.75 8
22.56 7
32.67 2
 11
16.72 5
33.2 8
26.05 5
18 3
25.2 9
24.45 11
23.23 5
28.87 8
24.72 6
21.13 77
27.32 3
 2
31.2 5
 3
18.66 6
44.02 3
16.06 
17.34 7
21.92 6
20.84 13
34.02 11
21.53 8
22.68 1
40.28 8
16.59 4
25.76 2
25.85 3
44.48 5
31.47 2
23.44 1
24.7 9
39.72 5
31.93 77
23.81 2
 13
 2
24.05 1
 4
 11
17.79 1
 1
 11
14.89 11
16.14 1
21.12 8
22.69 11
17.31 3
16.73 3
16.35 11
25.2 11
22.75 8
21.66 9
 8
 4
29.89 9
24.3 5
22.82 8
 
24.06 7
19.15 10
23.63 1
23.99 3
19.95 7
22.27 4
32.43 4
21.52 11
22.98 4
20.08 3
16.07 5
17.76 2
26.47 
16.8 8
20.71 8
15.84 11
21.28 3
30.94 7
20.27 5
19.36 10
16 2
22.61 3
 12
24.02 9
15.73 1
21.95 7
23.23 12
21.68 7
26.93 5
24.87 8
 4
 11
25.43 11
35.64 10
27.44 4
22.07 11
 5
21.81 1
28.94 8
25.94 6
30.3 11
23.53 6
 4
16.59 11
28.66 3
28.54 2
27.23 11
 8
20.84 2
14.98 2
25.05 6
